1000 9873
413 28
613 231
894 719
327 698
901 359
80 125
544 556
356 218
393 80
18 319
806 428
609 990
973 341
830 294
243 584
927 676
159 846
872 388
894 824
643 750
980 109
296 451
139 959
255 667
695 942
578 88
609 24
18 899
847 628
160 336
588 601
1 860
718 963
80 743
213 549
89 351
187 742
271 19
296 942
183 909
245 469
796 971
552 127
291 149
568 905
606 833
371 272
118 623
637 565
529 994
414 380
128 901
383 601
132 949
581 266
941 117
708 256
653 385
305 275
181 384
479 251
81 884
851 376
310 761
443 506
603 280
146 571
419 629
585 146
812 4
375 876
525 937
968 794
128 449
376 677
691 399
589 71
646 22
426 125
392 293
91 891
455 250
338 906
790 565
472 834
489 932
256 579
185 355
425 332
27 384
778 712
34 462
445 168
380 458
398 25
522 757
496 992
213 444
559 143
458 159
757 601
630 473
596 601
647 815
619 584
235 540
435 133
74 335
37 89
524 605
853 487
726 863
178 225
145 488
753 787
22 854
792 881
585 6
801 741
843 366
813 586
468 281
842 42
619 148
267 315
340 339
549 161
330 361
3 261
401 994
463 407
374 630
393 422
738 493
944 372
214 650
768 514
931 78
533 782
326 516
883 329
370 396
116 88
408 145
263 109
291 380
2 761
498 616
578 792
871 873
858 568
231 526
22 525
128 143
20 917
438 364
1 968
964 172
125 248
641 71
703 769
410 884
488 12
968 822
841 520
275 430
635 548
617 209
1 101
394 288
423 175
6 349
725 539
28 14
394 435
752 727
380 264
369 25
243 512
800 829
982 21
703 197
281 908
194 503
859 833
930 547
367 720
799 939
156 959
359 608
235 670
967 97
843 95
147 445
566 918
442 796
759 195
545 969
857 79
217 296
320 220
645 382
153 592
873 278
69 428
40 190
451 12
421 573
37 351
511 232
611 822
524 679
181 187
201 720
897 627
495 612
118 693
879 962
923 983
954 503
349 511
442 195
114 964
616 958
693 926
732 800
291 58
353 853
232 514
976 641
10 353
802 773
106 502
215 312
399 433
58 117
573 658
371 998
546 286
124 758
231 562
113 611
910 982
237 962
57 420
699 853
748 96
869 13
691 805
767 452
824 386
492 528
823 716
147 151
901 258
428 596
700 256
251 987
54 442
702 374
267 687
990 589
863 705
332 399
9 116
30 706
470 261
868 184
873 518
13 949
335 35
222 501
332 194
8 11
541 383
49 865
436 926
549 852
161 627
17 671
221 675
362 182
385 680
44 819
317 225
778 885
602 224
443 996
886 89
500 268
1000 972
658 878
309 802
3 191
353 38
436 32
453 3
36 61
352 506
957 659
905 808
871 493
709 466
656 226
982 846
343 564
221 152
519 593
331 888
461 649
193 895
401 402
234 5
549 458
733 125
2 927
422 828
371 164
978 388
962 769
907 128
75 721
518 455
281 381
110 498
774 323
43 471
564 787
785 846
474 505
55 676
441 240
354 787
222 613
872 107
584 64
915 984
147 322
557 371
410 940
712 228
217 650
750 284
915 841
309 90
518 102
830 340
685 719
906 140
20 274
994 581
337 754
123 161
274 841
252 267
401 349
94 482
702 253
373 553
464 763
744 93
859 386
553 595
644 318
57 892
226 797
613 671
924 222
818 633
191 457
928 25
749 79
518 299
8 39
464 537
356 543
852 545
856 474
914 198
536 748
761 355
890 57
625 316
459 636
537 466
398 745
166 581
704 60
904 686
27 769
410 187
947 336
822 588
879 917
382 215
499 345
962 833
836 952
84 837
484 642
590 587
700 159
259 369
180 634
248 70
211 442
283 985
413 522
340 542
162 266
913 578
371 128
742 401
55 490
438 22
295 443
333 196
585 427
831 426
500 762
675 182
131 356
606 387
389 340
82 742
194 812
328 698
704 932
579 48
927 522
859 192
561 638
982 14
536 780
989 974
762 620
464 743
599 371
801 184
878 690
344 317
273 775
610 552
810 38
554 172
282 639
84 455
156 84
127 483
296 335
495 124
912 617
251 463
565 87
154 292
942 693
196 959
268 284
182 766
364 245
612 573
19 562
717 695
924 375
766 1000
982 549
362 466
624 1
507 647
383 56
700 494
847 361
870 743
379 858
620 85
282 86
880 234
511 324
900 655
81 651
5 813
905 791
874 472
589 883
536 436
131 859
408 500
836 924
983 607
20 705
371 239
64 645
317 749
859 578
400 647
510 230
917 430
370 397
222 698
194 767
671 115
413 927
784 285
287 890
733 214
384 139
441 334
632 55
480 292
120 267
823 965
517 682
93 552
355 513
474 433
807 337
479 928
480 514
375 883
548 563
396 768
369 318
647 313
709 809
56 192
848 428
137 1
565 961
432 707
414 567
237 144
467 759
269 405
989 978
995 141
868 133
137 227
17 341
109 231
535 527
701 483
756 882
892 824
549 703
995 107
522 633
463 897
805 863
266 313
491 440
535 749
61 102
489 145
87 822
148 862
884 544
408 643
501 16
56 237
396 92
325 194
236 291
88 222
918 313
832 58
583 259
541 734
601 371
71 627
158 525
676 202
127 936
97 397
776 544
979 27
214 804
159 109
538 102
131 708
831 703
143 281
489 116
586 810
871 831
487 566
720 647
955 224
375 561
105 53
493 454
241 906
426 385
543 446
837 669
915 959
281 563
176 311
358 515
695 384
223 387
604 382
319 956
926 236
893 263
967 512
364 603
915 157
73 770
77 890
866 644
122 613
967 913
39 386
886 611
373 596
860 662
868 185
247 172
873 517
307 235
398 214
91 576
627 562
904 119
423 513
541 382
434 218
593 535
900 864
71 160
520 54
577 59
80 765
407 98
815 97
856 110
965 692
400 244
907 132
562 256
871 270
653 983
586 394
239 672
425 720
966 433
940 532
689 796
746 711
984 752
680 233
419 31
849 726
520 626
301 95
14 892
384 341
968 431
96 111
224 20
442 87
119 861
873 361
728 612
713 240
822 306
954 234
883 256
556 362
59 962
98 932
615 201
11 39
180 630
935 710
827 473
295 359
48 32
285 269
968 145
769 64
590 40
492 498
522 580
975 630
209 115
962 595
284 587
699 880
709 966
385 456
871 662
485 12
769 354
163 559
845 55
976 170
735 43
29 42
621 720
524 381
769 659
916 358
943 403
886 732
996 52
513 662
143 87
973 292
493 371
924 168
392 105
85 228
13 583
839 319
237 489
97 702
433 732
394 682
872 363
53 503
881 222
444 77
27 196
544 490
448 447
140 477
187 538
296 114
745 933
766 973
838 430
383 7
508 210
408 763
232 927
191 908
451 703
295 886
385 330
529 198
606 948
130 11
829 94
687 285
672 586
766 318
197 225
770 91
975 22
153 75
923 635
690 418
799 196
10 12
609 82
93 801
295 549
85 584
758 573
462 110
374 778
784 306
604 467
197 771
73 269
480 552
357 205
909 614
90 968
287 790
238 320
354 837
653 939
794 521
815 929
742 835
428 511
46 954
786 745
972 764
77 32
393 993
525 824
986 416
548 623
664 420
39 100
284 333
602 240
677 738
971 397
940 384
838 959
466 717
215 660
60 603
242 338
136 187
66 164
229 552
838 974
753 166
330 753
163 365
668 137
264 223
371 491
126 863
398 142
765 322
958 326
247 773
584 791
252 637
628 820
865 590
501 138
799 727
342 618
805 66
437 295
782 645
162 875
137 16
515 949
952 633
594 678
442 345
123 982
605 294
382 865
183 880
559 405
197 52
673 440
917 715
918 124
760 288
558 215
652 168
391 148
124 927
585 155
486 934
611 587
562 189
897 928
314 882
112 690
980 262
166 979
559 600
598 950
234 237
16 936
920 366
323 913
108 695
293 841
555 618
262 60
85 759
86 656
531 517
16 598
988 820
279 999
464 282
735 636
401 617
138 856
638 703
142 640
214 828
80 71
405 686
198 747
553 904
830 508
834 995
82 892
398 36
346 825
610 602
89 217
878 347
716 82
865 648
796 474
564 46
127 716
420 998
496 68
260 143
522 614
38 25
753 940
257 647
627 887
166 337
750 150
540 70
889 348
16 298
951 19
805 102
257 560
350 413
44 728
304 629
620 43
88 172
821 716
294 386
884 592
757 206
574 396
940 630
706 540
746 593
879 683
856 177
782 729
969 502
309 893
560 661
886 285
248 161
505 310
509 262
40 365
390 673
905 899
980 321
804 151
148 403
774 571
102 110
230 51
582 292
959 787
920 475
24 272
667 550
615 164
319 507
525 700
345 852
770 323
738 721
438 509
924 73
826 124
755 910
133 756
944 207
138 26
67 112
289 15
107 545
4 758
836 363
18 470
110 16
792 209
820 375
636 488
159 855
590 393
74 369
469 96
553 629
806 353
477 565
687 742
32 36
605 825
753 110
117 719
291 518
912 547
415 624
623 545
200 969
627 930
92 946
402 396
406 460
190 631
339 795
758 480
438 605
935 498
641 809
514 444
18 719
792 986
59 691
467 44
303 658
71 598
791 185
206 459
153 253
524 980
507 728
90 723
555 775
862 641
385 3
375 758
16 865
883 744
167 914
59 965
278 673
210 171
873 505
278 243
162 454
806 999
634 962
746 152
965 442
513 41
825 751
148 4
646 783
613 328
760 788
707 783
559 886
262 382
674 476
821 283
234 455
94 823
510 701
160 969
693 337
21 724
299 414
638 759
986 124
164 784
534 914
940 413
155 900
108 903
750 124
221 882
254 311
797 213
71 423
251 347
494 425
152 938
246 350
356 394
48 843
433 723
749 77
382 654
436 482
700 631
437 599
903 946
52 818
43 593
961 246
714 774
17 62
844 645
682 312
576 811
350 458
355 464
417 897
786 266
274 566
573 50
996 115
888 604
411 499
819 494
88 356
969 317
205 935
398 751
165 800
482 932
305 933
857 720
144 1000
171 956
758 784
762 351
563 866
864 544
527 711
163 80
371 277
750 787
760 227
318 927
355 951
267 79
896 413
651 706
166 666
902 359
376 859
250 892
612 630
188 698
777 575
167 972
871 40
449 751
929 293
433 772
519 136
423 55
420 323
879 158
593 1
406 878
777 842
389 116
893 651
406 985
959 167
714 696
518 354
406 584
797 750
102 834
614 266
848 895
118 369
564 75
105 874
89 109
252 527
673 402
948 345
465 831
463 860
339 866
948 28
658 146
877 286
844 681
321 684
59 464
166 532
545 765
286 729
635 77
643 24
631 625
398 222
840 586
805 820
755 633
457 158
535 143
793 852
23 859
851 74
615 989
597 690
600 330
675 280
970 836
590 677
662 118
849 541
775 813
776 661
563 751
768 517
913 556
555 847
831 746
944 454
619 324
276 395
152 153
157 408
99 574
626 555
646 836
668 772
652 738
771 532
437 41
419 530
557 296
449 715
836 481
105 377
659 424
261 590
519 236
722 504
261 140
411 563
52 263
826 298
518 44
845 588
708 842
713 761
617 496
191 301
213 485
534 821
995 143
145 59
246 279
782 243
843 963
630 393
322 430
144 594
252 531
97 962
772 92
98 137
9 648
623 637
93 386
113 460
406 289
137 705
10 81
74 497
737 663
519 827
939 739
381 325
926 451
294 581
353 31
652 367
525 247
288 686
697 838
667 874
802 719
54 672
420 266
149 852
728 795
605 581
186 382
901 826
971 653
727 632
936 951
560 835
390 448
998 53
234 206
966 535
626 764
163 838
20 965
332 631
774 346
832 535
10 255
945 776
34 233
492 877
661 60
419 417
572 303
560 161
584 39
17 858
25 907
891 462
227 229
601 294
271 906
953 231
204 415
423 255
247 283
52 283
288 593
4 646
304 557
778 429
985 295
217 845
255 909
864 740
424 529
316 519
375 197
123 119
915 125
763 71
624 655
531 77
130 590
496 18
326 500
247 863
678 63
91 755
347 877
61 23
759 160
544 63
405 289
411 200
490 579
350 495
501 65
286 887
801 561
215 773
40 157
631 795
852 228
598 448
670 845
620 8
325 164
698 718
255 39
183 778
610 18
352 270
465 545
581 371
508 641
502 766
477 154
979 72
429 23
654 624
680 235
975 60
923 401
399 752
680 378
901 798
149 985
336 560
723 60
309 992
870 189
817 7
253 149
719 936
318 627
214 71
339 436
31 426
548 256
487 596
936 546
777 738
405 801
297 1000
104 714
267 768
69 895
918 609
851 446
677 962
931 502
219 440
717 409
116 544
100 493
532 82
136 153
794 981
450 31
678 671
381 629
321 234
963 839
639 958
930 388
365 33
792 349
211 227
100 850
854 47
56 472
863 439
114 370
42 215
28 6
126 801
751 514
493 782
579 917
462 863
316 248
778 901
1000 525
286 960
415 740
525 527
700 597
649 944
303 69
544 202
800 292
412 570
623 794
438 574
663 179
852 248
793 718
330 793
724 50
429 234
70 228
326 882
457 225
520 897
850 376
27 691
127 501
644 546
153 73
482 647
267 497
803 131
567 170
128 921
864 403
944 475
656 495
340 904
788 676
491 748
438 21
3 600
116 247
427 772
232 492
621 878
768 669
710 705
101 331
110 397
516 794
152 45
392 636
376 971
163 837
528 195
414 173
452 352
953 317
224 655
423 417
836 398
820 523
489 765
55 570
459 405
480 1000
411 598
952 889
747 874
860 395
698 346
772 549
76 154
742 931
502 644
854 361
88 632
394 411
158 432
734 979
773 157
632 585
116 730
63 509
708 998
69 880
983 316
986 192
863 806
189 311
322 216
697 508
810 37
169 187
118 374
480 665
238 378
204 875
634 128
631 12
942 585
501 231
326 402
454 231
52 967
757 982
814 391
976 422
486 724
982 713
843 149
682 285
779 877
482 871
797 424
657 73
528 53
21 507
518 830
633 826
796 948
325 124
975 638
828 5
188 164
101 709
875 34
688 994
577 700
228 728
469 814
183 16
644 518
956 272
44 314
941 196
652 57
192 2
909 934
370 392
234 235
36 421
292 527
280 975
689 405
393 720
585 324
773 385
750 351
698 173
972 572
220 313
383 863
232 343
86 258
113 682
767 650
237 875
320 857
446 137
587 957
402 808
995 464
890 742
726 320
91 859
682 810
720 105
26 790
977 862
570 151
892 175
30 746
806 994
270 149
473 677
735 291
739 804
333 523
320 406
816 555
384 792
967 204
414 724
273 992
407 373
359 668
655 403
478 438
311 729
238 619
481 758
961 12
610 475
931 685
137 496
398 795
421 410
39 991
776 231
724 293
635 322
280 532
785 111
344 169
578 711
571 698
58 987
165 901
583 273
377 39
40 49
59 511
157 902
835 930
231 21
639 232
107 11
435 560
813 315
524 818
535 146
6 580
818 201
780 27
619 5
287 37
2 951
166 866
512 584
675 388
234 188
96 53
205 365
760 28
724 959
871 824
72 62
861 354
40 719
738 751
566 416
499 161
432 643
319 330
12 418
345 715
493 451
220 285
58 224
669 448
351 206
581 756
712 125
198 920
551 924
533 113
885 654
457 842
694 940
732 279
241 276
242 39
834 803
17 635
96 736
877 784
459 187
668 301
834 965
542 274
235 592
308 428
424 673
668 348
227 299
143 332
672 135
624 594
160 107
973 543
407 153
217 159
1 986
553 277
481 274
754 481
723 530
724 313
407 127
672 468
303 958
400 247
538 389
832 234
1000 816
370 393
853 765
265 892
514 301
400 917
678 504
106 434
500 46
121 183
892 964
664 753
992 206
956 361
192 390
490 151
110 660
275 961
495 858
310 40
673 726
31 4
949 513
664 911
78 33
409 820
176 25
103 438
180 625
487 599
348 319
78 80
104 24
751 363
185 142
155 802
707 241
120 437
428 278
216 820
724 178
275 381
828 855
423 13
281 313
124 500
406 832
392 270
858 129
750 403
441 839
26 991
479 155
850 541
529 739
322 66
161 320
699 704
207 781
812 609
392 108
717 988
285 180
186 868
503 295
985 476
75 100
630 502
260 178
833 144
389 978
943 479
819 165
178 871
847 627
351 768
8 186
407 18
583 85
913 105
416 719
249 187
984 2
821 657
165 861
938 607
282 219
176 618
163 372
579 722
940 612
188 129
5 821
353 383
253 997
73 71
554 542
314 859
590 103
102 202
159 933
747 3
283 858
344 558
310 263
934 717
131 752
480 62
879 631
26 360
576 280
836 858
802 982
713 145
586 865
920 277
168 538
8 847
962 656
33 652
271 702
128 184
661 2
609 548
441 167
682 563
656 633
447 473
361 152
663 201
487 968
825 777
405 949
134 29
63 137
393 917
637 116
545 567
894 669
113 696
149 432
388 920
570 174
545 380
954 705
459 357
384 151
668 631
394 408
569 494
368 729
596 785
354 388
924 792
657 627
893 445
380 336
473 50
56 6
420 751
748 587
808 624
277 979
388 476
264 194
374 237
360 555
895 517
625 97
368 22
477 748
545 800
640 540
717 546
648 55
120 518
528 541
875 374
55 351
787 972
562 372
670 891
821 757
952 636
101 883
944 569
420 385
885 83
541 871
581 330
237 177
16 126
783 734
6 601
82 243
941 900
459 251
650 580
230 511
875 835
396 760
44 445
201 272
129 467
884 51
723 503
483 890
944 504
599 536
671 127
416 241
567 62
864 47
628 56
629 993
542 1000
300 499
266 175
751 797
845 777
295 296
814 764
842 717
555 508
603 488
171 4
228 115
891 405
263 556
53 104
493 145
890 405
816 718
985 713
696 788
864 772
664 306
313 324
160 209
696 936
678 823
511 706
739 807
632 725
543 939
918 188
34 617
492 237
311 683
963 572
895 569
614 915
26 600
887 389
467 326
911 693
337 276
725 203
324 201
657 155
839 183
24 808
26 378
373 33
49 683
377 38
144 129
236 287
148 713
648 305
151 454
230 325
89 523
879 856
382 128
808 55
990 323
645 684
371 433
745 668
743 185
162 620
514 249
431 87
941 150
689 837
54 849
686 154
599 384
132 906
945 957
84 607
34 372
162 417
163 840
571 71
943 461
811 596
618 86
211 596
732 498
275 755
591 313
720 653
121 839
659 601
327 575
564 841
61 541
206 840
138 232
394 382
198 808
717 68
664 112
227 505
138 891
983 385
569 437
143 206
367 940
584 662
414 535
237 112
38 656
390 480
686 931
356 258
322 238
234 930
401 261
138 417
260 72
155 306
601 870
80 467
78 834
308 707
716 192
679 460
297 86
339 687
929 521
532 722
352 546
482 189
834 390
943 24
840 855
692 792
839 155
970 198
737 689
188 15
631 789
814 303
118 968
502 427
529 77
987 777
114 867
761 164
129 773
282 119
87 88
818 101
947 379
487 402
514 298
680 94
776 625
369 534
709 477
12 3
423 95
88 425
257 172
743 431
426 813
300 656
337 510
83 238
796 781
234 14
72 893
126 48
491 629
906 738
784 202
295 402
714 647
262 217
375 608
276 77
828 626
673 891
102 875
133 891
751 362
113 514
348 431
495 424
651 920
103 663
803 293
197 734
739 675
385 460
336 126
262 906
92 719
546 1
363 855
694 905
181 106
388 820
464 466
142 895
74 913
954 669
773 167
77 794
460 102
963 841
553 965
31 913
792 351
5 94
63 296
1000 450
985 434
622 57
488 465
756 775
249 988
635 190
947 874
820 484
161 673
61 968
653 644
856 304
252 597
91 721
240 53
633 706
502 149
496 286
312 519
957 127
724 78
230 547
165 742
819 66
469 581
175 279
412 939
552 214
248 365
700 26
842 131
588 611
481 249
83 29
67 608
405 496
353 807
44 231
563 786
603 624
659 834
219 843
776 986
780 770
451 140
487 634
385 270
833 868
559 934
909 755
823 877
936 687
81 8
633 426
581 715
508 73
533 424
487 470
21 644
385 772
618 587
863 693
109 331
695 452
683 388
99 717
526 594
160 839
413 363
256 426
613 988
85 275
960 545
604 561
878 464
899 717
316 969
703 175
562 817
506 427
643 560
994 324
995 229
504 712
212 761
127 494
76 854
294 995
463 936
212 360
668 261
217 214
627 927
593 595
870 733
231 269
433 478
419 327
493 530
79 873
252 863
182 610
348 670
1000 364
724 481
61 887
254 336
184 340
225 62
779 589
136 985
926 908
862 290
97 100
779 730
196 376
396 362
555 819
975 502
872 845
727 593
619 424
875 834
346 670
220 21
686 238
908 284
474 664
275 617
14 825
522 490
387 791
944 72
157 405
324 506
381 247
916 230
133 668
467 394
29 859
301 982
290 425
823 881
772 997
812 486
196 77
107 792
552 955
138 493
760 702
672 57
981 538
963 995
871 730
394 298
125 980
453 973
322 500
60 789
716 763
610 743
609 792
156 825
191 302
263 717
471 558
277 901
60 635
556 656
445 207
617 390
302 552
583 873
783 91
343 83
77 516
189 202
299 534
912 571
565 584
109 883
492 125
184 310
421 55
944 851
8 228
711 90
643 458
438 730
114 922
652 516
771 494
16 302
574 289
718 110
182 590
553 106
684 772
259 211
408 567
46 902
953 989
595 272
804 12
474 939
92 494
19 928
296 763
279 466
482 730
528 454
470 663
732 830
589 739
167 589
421 941
65 657
644 917
85 964
931 16
894 367
310 127
574 466
210 195
654 804
931 225
183 276
721 725
602 606
689 439
618 87
341 652
772 842
275 754
183 389
501 982
369 766
802 225
533 127
557 265
526 744
967 623
251 864
198 809
750 266
586 747
132 481
161 823
833 590
962 362
284 258
945 632
985 699
124 65
978 513
151 722
775 500
800 736
583 559
648 948
422 3
890 619
466 707
288 35
696 928
811 305
494 792
136 119
194 469
161 644
950 900
460 432
703 372
66 795
48 818
179 40
679 463
666 986
209 264
909 326
985 224
911 648
164 259
180 466
627 855
100 765
728 190
723 901
856 226
987 655
72 561
382 850
991 764
332 53
652 270
122 375
16 40
969 406
842 108
296 850
990 316
103 907
192 361
359 215
452 843
201 205
349 477
940 672
135 838
926 599
324 141
788 540
36 281
955 37
791 411
387 945
119 856
465 337
449 884
34 294
767 776
515 333
883 263
261 525
998 667
406 994
34 153
223 703
81 146
561 136
910 773
12 576
200 224
826 28
976 897
263 337
461 658
732 326
517 638
506 342
557 365
984 302
267 995
968 884
881 661
94 714
497 140
502 703
855 249
437 256
955 719
904 427
834 948
838 852
431 358
90 420
221 846
604 760
276 625
8 463
47 950
583 672
549 528
289 506
53 321
990 674
264 40
156 78
801 263
201 627
392 59
293 419
388 393
858 748
492 69
844 306
331 321
739 92
577 105
939 526
32 802
584 847
914 192
473 912
683 206
477 936
325 297
374 464
1000 927
585 567
867 621
704 329
568 707
420 24
995 644
11 557
766 577
641 513
978 689
395 859
550 721
112 429
905 846
233 399
303 547
645 884
154 817
339 375
104 500
567 167
309 595
233 138
573 498
225 364
529 597
608 939
20 777
441 308
759 844
867 922
447 330
893 902
909 609
470 953
436 761
592 639
884 255
297 969
873 106
767 514
702 583
246 835
319 29
102 743
485 229
638 821
699 915
367 769
157 67
110 93
665 656
408 965
312 3
242 252
962 197
548 842
347 539
683 165
761 709
427 483
191 410
195 607
783 70
17 355
91 542
216 34
49 850
356 426
324 451
326 262
611 84
493 751
611 468
117 643
722 999
579 626
878 596
70 891
975 641
628 817
705 56
688 810
641 236
568 368
736 722
646 962
495 728
232 992
306 135
382 874
560 750
390 559
747 80
361 685
418 700
5 537
772 993
397 686
97 123
633 25
262 501
897 778
20 719
997 617
390 329
282 334
395 37
289 570
839 678
729 207
76 870
186 162
595 828
555 720
85 608
337 231
167 799
703 697
744 422
138 99
413 187
3 855
779 246
410 935
983 14
418 322
925 177
881 349
642 725
47 520
711 529
218 166
920 862
964 790
265 431
319 868
434 462
734 605
592 54
523 600
925 324
838 559
121 904
514 913
95 18
901 235
522 656
961 954
53 554
692 151
568 413
883 976
687 924
464 441
999 990
162 793
605 611
986 743
255 446
789 416
644 929
482 774
304 618
71 595
468 213
438 997
925 825
527 613
269 821
24 968
116 374
614 477
176 643
33 782
814 98
672 631
196 349
262 698
385 58
98 555
617 745
45 112
85 365
232 521
230 52
675 393
68 491
76 650
718 361
611 763
387 997
686 267
854 889
233 97
92 188
42 921
388 685
48 58
195 189
529 717
608 194
57 316
371 924
10 74
964 143
402 340
885 651
780 553
584 442
983 18
773 304
368 308
146 284
863 697
658 579
223 286
907 519
289 364
916 319
111 437
497 449
557 699
706 151
48 981
949 305
665 874
613 868
35 842
736 196
145 254
87 754
92 792
255 380
248 518
890 189
982 645
820 288
415 524
188 410
230 517
514 518
843 350
573 41
994 222
232 937
322 707
1 253
843 303
455 541
111 601
84 953
915 313
72 897
328 491
19 846
295 729
225 101
260 684
245 362
19 959
386 326
724 248
174 281
90 732
864 395
10 445
77 323
336 707
427 796
923 691
859 728
710 729
860 238
764 513
974 98
375 531
471 60
182 47
517 748
299 247
266 500
720 391
573 662
967 589
289 46
458 687
773 276
869 443
1000 38
471 755
608 443
203 881
9 8
981 203
553 455
216 452
825 174
801 445
151 614
820 119
234 900
610 543
536 934
994 702
556 601
406 528
908 754
873 747
821 843
880 313
734 676
40 944
5 382
833 149
173 652
563 316
936 750
985 195
30 57
623 689
19 543
300 731
743 396
752 33
168 50
948 36
636 659
469 564
326 231
719 340
939 956
230 259
876 273
554 541
867 558
695 276
516 593
931 90
382 440
789 344
785 978
962 892
376 241
305 267
570 361
698 802
145 866
917 4
797 558
284 903
360 293
840 239
915 543
609 310
37 805
613 262
848 110
985 572
440 364
2 259
498 30
426 323
355 635
561 772
584 99
159 615
253 264
618 364
195 403
803 592
369 484
260 349
800 698
15 469
878 103
702 483
208 949
762 516
946 767
360 880
846 624
251 903
947 319
562 815
783 65
181 671
787 316
869 514
189 591
970 427
454 840
903 909
815 751
28 149
231 446
35 659
861 515
458 22
888 927
830 774
282 792
831 933
601 126
378 961
347 966
277 547
118 903
20 370
322 664
508 999
986 691
516 128
408 733
597 859
729 339
932 208
130 118
705 468
580 738
762 269
408 111
899 310
611 992
443 82
173 197
649 361
419 221
862 691
295 630
283 954
36 338
59 915
791 231
82 16
896 382
788 324
735 398
871 865
860 241
413 777
826 98
647 16
422 21
90 857
966 974
959 403
397 870
768 70
973 288
594 296
595 513
631 260
129 525
95 750
99 747
454 635
872 141
167 162
941 823
394 522
948 117
630 531
730 247
808 623
136 818
259 281
874 976
503 488
820 478
161 623
991 87
686 159
148 320
288 99
433 623
718 912
368 132
97 986
813 900
460 620
64 141
154 865
374 494
174 856
849 944
245 115
541 550
801 665
252 893
844 601
666 265
648 308
796 916
691 246
951 73
606 999
164 94
495 620
22 84
831 966
478 634
724 118
710 65
13 303
823 354
573 343
477 290
67 570
858 851
673 368
73 493
469 34
719 34
850 207
486 383
263 56
157 597
513 293
732 175
190 302
817 111
504 350
528 216
825 612
292 559
168 725
699 106
817 248
466 998
340 819
950 60
219 34
202 828
977 498
686 490
599 799
176 351
54 116
60 981
295 94
388 972
760 877
445 557
11 367
638 882
254 635
459 337
423 250
190 195
142 870
343 285
823 629
807 80
977 813
432 942
104 175
358 868
937 591
664 273
761 787
780 966
928 134
401 250
455 75
949 969
967 172
588 39
825 371
844 441
57 985
991 58
422 227
133 340
468 933
123 834
425 1000
436 443
39 622
230 939
50 261
431 128
148 906
610 205
866 163
15 583
620 502
841 487
527 875
709 696
31 972
527 971
897 550
202 442
773 652
192 252
174 60
784 912
782 703
644 676
258 491
426 921
890 988
620 811
325 449
611 568
856 78
747 168
732 796
609 79
334 32
228 611
120 108
196 449
234 156
14 736
353 363
832 729
361 23
894 395
785 693
827 478
43 463
465 991
780 1000
837 745
250 981
803 345
458 970
2 552
186 445
10 111
232 147
858 363
436 773
113 656
590 162
994 891
718 857
479 993
704 801
172 783
87 252
180 258
642 747
134 343
494 909
788 47
129 629
518 489
25 644
967 882
184 35
223 130
596 872
977 922
655 49
325 702
960 627
706 107
190 936
265 375
506 5
787 214
209 296
347 735
354 177
924 69
946 397
526 261
593 628
479 347
853 458
228 57
439 505
572 422
887 611
886 2
417 923
878 998
331 417
706 559
871 299
287 330
272 17
884 733
961 923
267 278
486 926
567 899
514 269
789 389
791 219
150 193
347 413
979 107
136 911
102 206
432 294
992 238
404 852
560 546
79 202
547 391
804 213
805 636
534 42
150 291
119 830
963 460
447 743
339 486
875 744
107 642
202 914
614 87
814 885
410 583
741 954
451 113
713 358
642 826
627 232
184 9
186 494
409 645
928 659
675 190
54 169
516 918
738 770
461 233
617 83
466 577
358 627
545 126
931 409
275 413
259 864
647 461
122 706
391 531
124 20
637 532
897 770
420 644
916 257
510 872
388 186
743 926
617 286
764 91
755 412
15 69
220 773
812 577
389 784
617 431
122 791
444 282
468 767
913 414
806 163
240 374
847 829
973 594
223 119
528 883
928 61
213 45
711 226
967 116
701 328
255 550
265 764
877 135
647 587
166 300
60 295
190 678
396 754
593 993
697 283
429 448
969 370
456 667
633 344
477 59
942 978
619 254
377 255
175 308
583 347
645 91
291 811
558 879
652 208
283 671
747 82
786 55
475 439
99 81
349 402
22 56
466 78
768 683
31 186
720 885
535 250
168 476
225 285
136 826
232 559
289 568
287 989
737 186
686 237
889 999
598 969
666 912
309 294
974 40
216 978
272 584
955 333
793 154
814 512
447 505
507 322
72 485
863 929
497 872
115 393
856 318
530 705
712 292
930 231
867 101
436 108
113 809
848 420
223 292
209 350
782 475
18 380
809 543
147 96
294 209
591 869
135 387
990 745
661 599
338 880
924 239
784 564
365 373
192 725
815 375
260 886
688 889
763 159
363 237
770 551
58 885
863 168
207 404
174 839
412 712
92 596
273 150
520 63
967 427
543 456
230 750
269 930
537 626
75 927
994 171
957 277
429 156
340 265
396 43
219 712
457 211
921 380
705 469
266 523
448 954
31 777
586 112
850 317
432 494
202 712
791 368
999 493
98 493
733 129
129 51
974 149
996 629
138 291
638 6
552 749
242 960
99 842
655 747
241 557
438 321
371 926
355 549
51 796
542 213
604 176
721 871
789 751
556 51
354 759
975 523
214 363
640 126
271 912
827 896
392 279
99 112
720 187
721 150
116 744
228 482
182 558
267 678
164 842
441 671
100 164
997 434
322 234
948 74
52 7
240 303
756 815
218 82
706 4
429 683
798 716
122 342
469 218
606 501
218 474
274 408
557 859
155 423
506 81
881 187
610 859
131 963
189 595
680 661
610 202
649 926
409 417
597 48
389 667
230 571
987 924
749 277
919 31
5 251
781 26
914 525
913 930
308 924
611 861
192 253
11 659
359 67
842 107
719 851
748 369
420 340
413 573
604 336
179 647
272 355
439 1
720 829
665 204
7 389
779 372
504 268
486 172
219 867
404 151
632 8
689 71
871 859
943 702
267 169
840 245
647 202
210 309
466 971
195 155
585 263
972 577
422 614
794 573
431 924
12 722
16 661
309 48
624 325
612 703
467 1000
638 879
470 237
471 284
256 339
365 3
941 604
636 404
346 934
823 600
481 885
393 175
207 736
512 179
90 419
644 400
65 231
63 340
335 833
674 923
70 624
660 730
574 928
407 331
635 178
817 897
964 816
94 261
905 294
324 214
820 407
352 595
743 569
209 866
302 321
503 576
661 978
829 48
558 630
107 168
753 766
610 65
629 291
424 222
905 657
620 106
931 657
24 787
654 661
727 875
818 5
274 979
794 42
667 808
406 188
836 929
158 589
175 625
343 723
715 612
423 531
79 213
742 319
745 489
11 925
999 420
140 895
289 531
230 242
638 207
15 994
6 803
599 736
655 690
784 441
91 393
293 861
76 547
58 50
625 59
105 245
564 24
732 438
128 44
772 781
111 43
8 594
794 529
959 377
195 4
87 18
882 374
683 363
7 941
85 573
655 961
341 742
569 384
975 880
962 337
687 823
854 355
731 404
477 801
130 895
243 558
389 142
316 225
111 495
96 796
649 26
464 720
764 459
564 817
380 476
623 384
330 761
368 444
104 817
117 543
635 94
734 502
658 491
371 947
256 891
486 639
32 210
469 259
252 629
257 691
465 816
961 171
394 936
620 63
303 893
987 964
1 551
149 615
421 706
98 433
630 152
70 550
183 840
240 642
831 940
334 716
966 165
966 497
434 734
400 978
993 53
1 370
645 853
244 104
281 226
267 19
179 767
533 788
135 349
738 594
477 510
477 271
780 851
638 235
305 309
676 780
491 718
116 209
651 198
391 963
475 114
24 474
461 59
579 360
101 20
362 70
203 588
898 548
920 20
335 663
764 811
51 688
87 54
336 58
835 16
780 663
507 419
574 655
976 106
243 413
947 539
470 388
845 328
204 80
823 432
388 159
706 142
561 657
454 904
911 612
852 523
464 700
935 428
159 921
623 420
464 587
1000 685
895 548
108 410
471 776
511 815
863 26
291 437
482 35
691 429
32 254
964 927
677 194
883 981
666 629
630 162
745 980
304 670
291 1000
117 390
746 566
326 146
808 173
644 819
59 501
96 749
939 873
467 24
892 847
110 928
112 409
774 785
425 524
413 679
785 284
182 364
572 60
212 999
139 155
767 131
422 782
831 678
7 416
963 502
908 429
747 351
605 85
204 38
37 665
223 822
921 14
225 425
61 683
214 543
803 46
309 313
466 996
513 197
148 104
702 691
43 370
698 58
294 385
544 940
103 767
566 253
968 860
552 923
320 699
318 410
873 833
285 243
582 875
323 717
54 432
419 789
60 821
940 433
816 751
599 236
358 794
324 926
420 733
421 677
338 962
355 992
708 548
30 712
416 108
252 551
364 882
810 84
276 712
43 847
373 716
883 210
378 178
967 174
952 253
660 694
934 61
222 753
301 681
799 164
820 444
752 346
553 287
243 949
140 385
895 937
880 510
37 7
311 424
187 614
891 8
276 748
197 321
992 631
440 953
773 548
904 813
120 690
842 25
326 254
263 12
41 894
995 765
230 282
892 851
92 351
18 598
827 788
240 714
850 286
743 41
681 712
44 248
300 146
727 533
451 262
470 550
515 433
738 538
831 555
447 293
465 486
746 113
48 473
926 388
250 979
660 304
208 287
333 227
671 336
15 732
372 593
871 649
195 440
220 541
721 96
423 152
264 895
502 691
428 559
810 380
122 910
863 303
557 668
393 319
288 67
215 632
843 819
806 133
312 841
646 466
504 689
873 744
583 813
587 310
914 26
905 293
106 700
348 280
970 261
903 827
639 507
880 515
862 158
386 997
353 382
248 404
268 449
568 711
131 75
739 318
44 664
706 557
376 312
528 725
562 689
819 502
32 516
365 640
576 193
625 380
140 26
197 71
951 354
37 494
75 567
595 460
177 27
822 757
733 38
291 111
330 459
168 482
541 959
11 924
141 529
827 208
132 952
258 751
667 585
873 332
638 204
196 39
573 639
557 26
690 701
237 606
110 404
96 354
189 795
618 427
604 202
376 275
99 530
688 53
552 964
405 542
538 539
685 664
686 659
998 417
767 457
592 800
294 344
950 695
203 798
595 639
355 738
284 501
692 490
800 597
618 676
100 893
170 399
799 952
730 327
288 222
469 732
184 287
260 156
133 426
528 900
468 991
951 898
54 464
701 183
494 687
523 879
943 110
565 472
804 672
36 778
203 299
336 827
529 127
32 945
736 581
883 790
684 797
870 560
84 909
609 962
278 37
961 613
514 239
679 89
719 218
743 224
747 229
513 429
567 790
974 780
7 447
282 330
5 58
16 786
219 829
556 404
6 893
983 264
447 261
858 668
175 874
721 748
59 773
615 264
963 315
332 986
100 334
837 797
864 752
906 104
846 774
759 739
299 65
983 507
307 586
401 497
55 900
592 10
640 434
234 825
843 669
436 29
316 635
9 69
857 265
70 558
74 549
200 760
240 261
277 896
539 597
795 975
688 541
726 37
838 547
506 456
752 416
470 359
610 962
458 343
275 956
920 576
834 154
486 157
303 77
934 97
41 470
1000 282
613 558
678 866
467 332
450 514
378 146
296 164
120 552
891 821
982 748
663 131
166 473
973 807
667 68
351 983
245 112
687 9
376 257
448 158
34 986
966 48
640 796
550 307
827 922
478 850
594 643
210 888
636 726
675 734
69 179
876 197
144 22
254 369
145 739
386 207
280 630
743 183
553 753
590 542
809 405
685 378
616 937
379 881
197 160
457 819
314 13
595 117
229 287
671 968
861 458
77 829
150 489
978 38
281 366
193 906
713 339
396 617
698 217
821 901
133 618
176 195
603 300
171 440
924 666
760 980
121 841
216 863
91 97
935 314
445 554
478 56
102 675
159 568
646 58
668 518
262 819
636 370
512 58
911 162
414 910
756 523
151 745
246 681
169 986
467 669
312 693
913 459
146 58
554 463
42 251
151 975
265 344
105 665
804 907
550 147
791 671
60 395
522 688
373 892
13 827
805 303
273 86
882 722
227 283
946 375
909 321
753 891
491 414
80 759
53 812
260 707
865 510
918 352
848 748
98 391
83 297
466 355
122 257
452 658
913 928
273 257
330 242
277 457
763 520
487 392
805 867
143 844
849 691
405 373
747 28
106 172
148 457
790 8
900 984
300 252
562 235
894 172
179 649
309 634
704 376
708 272
46 469
72 242
258 699
944 390
512 730
741 313
724 585
708 54
46 565
671 275
788 494
668 836
280 189
669 445
366 92
638 770
342 335
159 399
676 571
664 35
195 443
164 906
806 585
309 175
475 859
347 295
707 20
428 563
731 3
103 883
749 672
203 885
204 10
564 543
688 455
782 860
674 806
368 259
8 500
688 598
941 892
735 352
369 175
351 107
970 120
821 855
625 126
109 165
421 121
603 22
725 427
32 200
761 511
964 976
969 714
19 547
705 192
579 699
943 58
984 9
706 942
970 228
425 681
634 73
937 529
409 221
121 235
658 984
606 930
573 299
97 82
996 858
278 905
979 108
637 600
68 309
602 781
533 909
331 785
944 324
943 638
383 589
956 507
405 107
724 911
858 697
501 474
827 398
96 244
928 807
395 282
168 656
552 566
826 61
440 368
516 913
727 143
19 967
659 407
299 100
750 455
682 943
699 519
251 749
977 217
7 572
108 515
125 955
806 452
807 21
773 133
646 157
219 917
342 164
668 364
464 722
137 204
434 412
431 502
198 423
987 696
522 761
482 426
598 68
835 626
649 60
325 544
363 373
79 593
960 705
706 509
430 293
765 862
454 223
917 797
210 627
317 205
106 544
696 298
914 289
735 907
238 689
433 289
587 128
145 373
295 959
957 270
5 897
175 305
799 657
327 29
681 468
41 949
957 383
979 155
250 485
343 512
76 957
420 287
135 884
796 594
980 311
802 531
365 901
224 103
408 366
617 752
124 512
395 88
126 114
629 889
79 344
422 962
426 513
46 514
30 135
72 409
254 865
818 713
223 754
176 20
907 419
780 947
51 773
432 769
882 265
129 871
889 695
525 961
51 690
641 204
82 592
298 558
158 261
56 203
39 2
669 135
365 846
364 761
401 385
901 52
236 19
651 533
123 98
622 8
371 979
365 225
575 434
78 766
27 376
464 702
601 787
569 237
553 656
56 408
242 511
683 980
248 640
999 759
769 876
535 625
442 800
722 964
531 278
737 573
790 545
196 902
468 99
396 192
397 153
221 373
630 211
101 783
706 739
853 368
452 703
913 955
11 616
856 187
782 679
788 800
166 696
905 824
690 62
583 457
219 634
6 572
870 831
83 219
305 117
72 840
533 965
738 389
847 229
595 116
776 698
580 480
871 163
569 913
514 18
258 724
851 335
390 441
196 120
698 230
348 339
242 746
889 625
599 682
837 753
713 291
440 697
24 56
280 162
599 795
379 444
108 790
751 204
367 215
228 143
467 977
746 537
475 894
357 382
823 625
310 556
892 84
941 544
235 846
367 538
308 198
501 532
584 350
14 211
354 619
753 139
327 120
621 524
423 933
27 324
359 555
127 479
114 726
481 697
209 746
910 56
517 506
97 905
579 561
230 943
691 395
416 138
37 5
772 200
421 422
45 634
597 61
598 366
244 843
58 903
754 616
439 262
153 937
460 739
943 150
451 716
748 78
554 915
925 44
97 196
374 744
31 857
801 810
6 649
248 199
357 619
845 646
274 893
451 379
510 218
719 2
447 719
983 905
716 772
646 731
814 861
249 769
853 825
31 413
440 742
578 852
409 685
998 345
447 429
306 456
453 732
560 70
730 698
951 408
656 36
773 398
742 813
859 559
65 774
177 923
852 294
481 793
777 852
890 695
786 922
768 177
716 351
829 536
541 50
688 504
172 553
986 245
749 874
212 637
360 936
75 399
256 739
379 443
618 811
783 153
456 822
679 280
829 363
122 807
9 894
585 735
914 794
184 153
739 66
529 256
409 959
948 510
531 334
540 128
818 990
377 118
912 295
574 483
211 251
230 693
509 482
274 959
880 822
279 306
541 667
11 688
799 427
328 268
382 195
827 818
615 947
879 154
157 759
547 339
533 908
162 378
116 474
82 150
572 853
276 266
200 36
503 317
674 315
928 98
626 573
474 318
935 671
704 611
579 369
466 938
195 120
361 128
569 683
896 181
860 382
425 205
6 64
67 50
640 138
343 129
128 478
919 984
186 716
189 763
320 886
711 167
622 275
256 306
480 848
65 934
753 369
735 417
20 314
578 380
961 364
682 410
209 769
697 410
593 281
96 799
462 834
545 222
43 306
240 362
203 126
442 922
777 358
342 903
363 212
477 740
1000 707
776 224
952 983
808 406
535 733
111 4
118 105
579 521
287 500
628 942
807 553
973 769
558 913
27 987
688 959
468 191
179 772
532 768
80 847
465 983
836 738
857 649
362 361
969 455
932 221
809 302
230 516
64 499
417 645
316 99
264 564
130 293
233 365
141 418
861 115
704 306
723 14
906 722
944 353
266 494
23 18
931 125
568 801
883 340
955 99
205 320
137 992
816 631
529 586
342 715
957 802
542 976
180 561
362 700
271 666
110 438
510 460
172 173
817 288
826 222
475 996
812 477
195 485
453 805
422 316
66 330
564 509
397 541
589 30
536 86
798 64
502 761
837 848
55 823
119 96
507 130
60 856
551 55
184 223
715 95
324 859
661 708
460 395
837 961
599 408
857 41
271 493
511 808
386 649
39 577
902 705
280 515
433 610
878 576
908 917
835 655
217 420
914 258
883 839
165 908
993 283
187 716
313 889
745 874
429 775
636 609
914 529
252 890
663 242
500 172
943 866
692 546
913 843
112 412
376 465
653 137
987 707
236 565
844 820
153 159
12 230
490 184
443 226
797 975
854 768
287 957
325 266
879 695
870 30
176 118
763 938
197 960
492 976
461 75
889 624
608 216
755 923
276 32
615 447
671 377
967 726
234 470
72 261
682 578
422 713
116 982
907 351
232 203
450 158
380 67
971 608
384 816
206 707
292 742
346 974
937 545
739 621
556 845
170 144
498 773
579 244
801 18
492 340
90 459
436 243
355 997
742 755
131 404
721 436
309 639
377 654
48 858
213 112
575 294
759 5
100 902
838 668
711 166
89 435
507 908
700 725
424 456
425 913
506 204
308 634
395 598
801 719
17 323
5 951
339 917
261 946
170 921
780 466
563 994
134 757
35 285
182 476
193 47
338 922
206 470
278 995
173 247
211 60
249 621
384 434
239 394
511 401
277 169
315 106
2 776
304 249
180 804
277 796
612 871
426 676
281 223
46 345
53 459
825 538
185 955
457 958
334 84
50 567
548 266
751 269
865 530
571 123
534 365
112 836
719 803
564 736
369 121
453 731
977 465
7 820
561 82
483 720
894 389
694 22
841 610
115 325
1000 728
981 618
410 945
323 368
450 435
551 776
111 241
77 897
868 924
742 957
891 341
838 828
531 804
694 816
753 340
660 896
966 587
298 65
523 440
928 328
69 898
15 108
460 237
388 82
228 273
915 419
611 336
708 682
929 707
92 843
905 298
59 38
606 356
610 891
57 617
925 552
240 956
523 981
710 337
16 365
18 663
539 91
120 721
905 661
213 584
178 184
748 450
84 842
620 772
277 205
280 735
282 373
874 139
110 697
97 840
166 931
997 719
154 939
157 536
98 483
794 648
515 430
275 597
591 219
495 246
522 510
101 363
730 637
495 694
917 127
975 681
816 110
409 648
715 349
466 939
530 820
846 67
806 649
399 365
845 237
479 947
685 772
851 612
745 41
284 675
238 430
185 34
332 151
831 191
564 538
357 292
604 881
578 714
686 769
820 819
927 761
986 39
170 104
501 602
318 32
726 173
998 646
657 618
358 801
87 509
863 268
113 867
578 492
891 95
179 331
768 444
277 671
449 209
381 994
899 979
619 582
419 835
674 669
622 831
805 485
678 125
554 167
575 719
732 750
939 752
120 638
662 688
847 380
938 568
776 467
447 834
763 581
112 369
663 94
866 838
158 514
906 380
419 114
721 253
779 722
211 500
895 422
36 201
595 673
93 1000
495 820
315 402
408 368
154 796
887 770
839 671
129 42
31 455
453 625
718 135
955 211
59 774
480 305
452 319
312 490
419 398
686 464
154 673
410 727
52 500
489 310
676 750
130 783
95 566
42 718
775 234
742 795
465 205
375 838
750 374
617 490
698 405
190 297
47 672
484 974
307 591
384 708
369 442
556 874
540 615
388 244
635 931
191 193
464 908
755 506
77 730
575 47
669 54
89 180
531 973
386 612
332 488
740 509
851 956
213 91
554 121
887 495
416 802
256 859
729 102
92 930
93 387
465 784
541 399
653 853
840 804
397 151
625 358
537 964
19 605
115 752
44 716
239 303
821 720
291 893
537 629
645 514
979 200
952 240
966 70
201 72
657 951
349 64
210 774
763 734
947 407
362 221
219 636
809 410
205 513
560 528
556 530
28 810
175 565
822 688
344 751
883 386
997 694
183 217
763 828
233 217
733 156
145 915
439 785
872 544
574 724
382 325
298 267
538 781
225 542
916 989
492 864
310 145
684 102
975 609
651 119
599 789
641 189
777 941
996 295
744 280
546 242
17 992
879 106
369 469
495 381
578 643
925 665
176 435
51 513
80 31
479 169
119 214
601 595
397 614
290 534
402 60
55 794
665 962
479 62
888 898
376 56
472 776
476 848
293 294
259 746
939 380
539 419
886 798
961 117
999 533
946 483
857 4
697 525
18 910
773 782
762 907
420 157
869 806
304 702
326 99
313 916
10 864
83 298
871 317
586 447
456 728
2 220
116 290
193 110
908 152
93 290
98 740
266 552
853 628
729 574
362 49
895 489
788 949
455 824
442 233
545 612
34 463
106 594
419 155
876 114
33 525
604 476
749 764
533 840
400 572
76 677
846 385
495 221
868 601
171 763
210 159
512 733
896 316
884 227
133 587
81 138
443 495
561 128
506 873
710 611
898 633
2 546
756 293
388 543
155 828
281 617
530 864
489 270
751 226
609 525
778 18
512 106
87 250
273 602
312 128
204 438
336 6
815 758
392 312
233 642
604 951
623 149
346 931
128 274
347 390
354 502
635 875
7 618
545 71
618 631
656 856
289 257
94 492
441 702
143 130
764 130
744 929
969 796
878 428
437 554
539 542
939 344
744 816
393 396
782 182
820 493
97 570
623 73
869 632
235 852
161 553
827 648
311 539
942 683
100 522
514 626
458 76
425 797
451 797
537 956
828 133
282 33
201 951
900 665
867 454
351 697
563 961
505 265
749 534
128 630
442 282
25 498
607 384
245 343
201 145
913 765
719 115
779 262
374 916
158 705
127 933
197 869
698 954
951 28
866 628
174 431
215 257
426 418
275 596
721 644
439 857
79 502
634 635
984 870
918 937
298 750
320 938
689 503
730 749
110 267
205 566
635 696
703 192
46 967
638 829
807 304
719 548
372 689
449 660
582 804
273 582
842 945
294 348
612 303
481 827
7 569
122 575
378 421
808 860
210 105
472 849
876 473
74 525
129 708
170 504
800 927
104 380
895 702
808 634
62 181
428 967
360 533
553 714
772 108
496 85
578 143
160 284
697 747
113 476
421 491
481 336
779 777
395 512
657 181
611 345
57 757
361 635
383 46
899 1
683 758
353 15
154 456
980 92
191 983
140 171
914 574
274 929
573 219
957 380
762 276
163 491
55 137
499 32
774 697
685 274
337 428
135 881
784 109
932 445
864 475
461 835
63 531
452 26
325 276
333 953
866 536
6 881
443 329
63 608
157 507
837 393
452 169
591 210
935 556
132 815
495 21
336 642
44 83
300 485
243 64
654 960
537 246
702 664
573 752
29 850
341 608
488 236
162 117
627 123
346 414
770 299
427 123
980 869
164 441
603 482
159 576
417 33
647 303
206 741
264 684
772 56
492 434
823 622
316 640
225 957
443 810
431 689
787 457
275 157
758 767
642 295
523 451
421 220
192 700
544 321
658 441
140 386
771 285
611 363
978 132
170 367
977 629
340 844
431 4
87 742
36 628
611 504
71 154
763 149
526 115
753 863
458 53
478 176
467 193
494 893
913 47
472 361
435 287
952 546
841 449
874 415
770 242
130 85
519 973
618 469
562 112
654 608
605 142
400 819
741 990
169 592
83 220
747 197
548 50
866 699
552 437
477 428
461 871
101 448
963 509
67 688
709 1
803 68
714 361
309 659
745 309
945 939
103 391
660 426
914 998
522 439
690 577
232 210
34 253
401 806
561 244
245 835
376 526
802 246
986 331
522 233
595 949
427 103
285 93
68 851
967 609
74 784
882 187
354 608
335 445
637 163
887 608
350 646
825 826
661 403
185 458
313 253
479 120
593 869
693 98
87 311
949 392
511 539
368 283
20 508
692 626
373 550
817 782
32 450
346 750
121 36
611 310
442 392
151 654
199 63
442 848
459 914
406 767
47 676
608 530
874 846
326 465
199 861
348 569
40 250
395 584
658 206
291 907
850 997
348 680
608 331
645 468
779 942
227 765
446 857
840 720
126 461
130 390
477 125
540 349
338 293
100 56
230 287
220 959
529 212
382 170
611 976
6 652
597 653
676 28
185 735
865 77
101 403
541 982
12 132
823 204
650 514
372 154
8 862
797 578
267 726
102 918
512 734
538 878
560 234
814 723
548 411
107 957
777 639
595 992
599 824
929 276
184 898
287 582
492 724
38 584
497 810
278 746
907 381
960 969
750 303
398 320
552 892
114 53
351 288
402 12
673 152
390 378
68 710
364 685
293 743
938 236
963 819
178 681
88 692
954 530
977 915
616 109
737 92
686 965
30 553
611 285
364 851
844 69
624 432
756 777
726 5
726 97
881 200
517 550
522 592
688 680
969 637
38 502
593 621
133 450
175 59
170 422
311 395
995 830
84 7
967 316
753 752
963 469
278 163
10 773
503 892
788 884
382 887
535 9
116 263
499 697
671 729
103 11
896 394
440 841
865 248
577 684
976 285
603 940
799 70
979 993
665 178
11 58
634 521
633 585
28 898
430 538
201 498
21 71
404 177
816 145
910 895
567 92
953 472
368 776
970 313
106 382
183 481
647 804
394 173
487 850
807 307
663 847
461 371
363 813
845 461
938 305
261 44
891 371
929 18
198 761
703 64
446 507
975 715
293 364
207 746
777 87
1000 296
161 746
465 118
143 302
113 241
97 724
351 75
264 205
980 691
734 648
38 387
133 405
691 343
485 898
895 927
397 480
628 826
754 461
599 874
260 808
917 149
227 343
88 47
624 929
383 88
259 80
123 631
343 830
877 418
633 966
173 283
46 219
709 377
145 762
206 413
740 893
634 472
980 204
304 421
434 728
92 284
976 859
508 588
110 744
864 476
58 271
348 709
370 557
693 311
172 507
17 830
49 64
896 455
914 880
681 523
150 454
353 714
873 275
546 411
849 298
480 307
926 438
211 199
22 807
522 355
459 742
30 26
370 241
632 292
190 348
872 371
357 501
323 189
295 896
916 462
475 790
773 451
849 101
6 434
445 626
1000 215
129 517
403 98
595 758
744 220
708 959
712 442
17 548
489 999
109 438
340 392
75 362
706 136
195 661
839 356
397 721
398 90
769 582
22 710
441 757
110 871
566 179
242 507
908 690
1000 659
817 963
359 656
87 737
588 906
522 616
743 750
359 737
919 131
80 512
335 328
743 639
209 940
726 651
430 436
982 737
567 653
397 149
473 983
662 739
11 812
101 779
121 69
303 799
948 544
640 785
808 147
918 456
645 512
982 963
832 952
315 210
577 763
568 994
715 597
223 467
356 176
757 498
59 198
651 429
887 883
548 51
698 896
326 961
241 875
349 352
387 607
162 325
183 249
353 726
798 462
945 938
140 652
987 275
223 845
461 72
63 788
101 161
12 598
586 132
366 831
498 463
65 720
837 654
971 660
897 297
294 443
815 879
526 758
323 153
594 891
849 65
603 126
877 883
312 85
76 791
895 754
341 214
677 684
824 240
8 477
137 191
88 683
548 907
806 147
113 40
47 789
322 276
195 542
490 914
769 979
511 888
222 485
133 348
265 684
69 606
271 450
311 561
258 600
153 659
833 49
523 861
835 735
654 1
602 766
967 458
847 528
324 879
153 572
652 546
984 50
583 250
88 844
905 638
46 160
304 527
988 505
27 585
794 174
356 943
395 809
553 221
370 659
222 944
940 523
447 533
249 886
453 132
680 216
366 671
856 364
693 894
982 508
976 718
495 878
279 633
11 967
901 150
846 391
704 492
633 314
67 316
607 874
944 10
484 211
879 426
189 866
986 300
733 561
664 40
630 919
622 379
570 158
169 543
981 728
873 807
602 239
371 681
87 357
73 815
954 672
302 652
712 498
215 641
734 627
825 181
790 929
252 904
829 645
977 914
136 142
190 961
172 692
161 717
226 114
554 428
460 383
363 396
736 994
368 486
777 276
47 158
231 397
285 533
495 430
365 455
368 117
386 844
938 801
44 880
904 913
285 651
654 29
412 664
434 71
622 657
374 415
334 985
563 37
16 352
774 945
649 524
72 599
516 292
576 199
461 635
231 81
736 413
534 192
737 948
993 34
991 619
101 549
175 638
736 268
699 368
537 333
330 501
917 65
207 309
477 403
137 968
559 597
175 860
694 292
343 462
642 131
423 374
124 735
750 639
314 163
613 269
525 583
341 586
233 945
841 690
726 414
869 228
103 684
816 597
993 712
650 123
464 26
397 970
859 163
777 884
53 137
114 849
462 983
673 20
838 942
638 620
821 148
734 623
146 492
790 845
215 538
200 849
810 22
95 32
563 498
838 584
670 581
811 830
307 417
494 689
44 852
268 11
374 411
191 755
729 184
822 879
607 187
387 422
207 297
101 790
505 457
32 951
213 341
992 565
648 257
27 844
546 980
818 81
69 217
487 126
236 702
89 581
330 311
979 158
248 148
405 366
197 37
201 34
166 736
334 326
796 687
64 288
603 907
894 158
847 12
63 541
67 726
193 823
396 748
84 732
543 148
653 468
68 52
875 716
34 356
733 806
121 340
703 594
206 94
263 237
67 500
86 560
656 343
50 762
931 351
492 895
437 138
559 839
246 778
63 832
530 791
548 476
401 713
115 911
872 372
873 221
581 660
767 697
327 204
834 720
121 913
640 25
473 376
848 412
612 461
596 970
940 452
981 656
618 570
431 691
911 197
389 594
860 531
700 888
705 726
660 107
470 270
679 254
938 52
167 298
446 359
477 595
848 841
77 569
189 223
374 197
247 841
506 69
913 259
291 691
915 333
722 961
482 58
305 595
982 375
144 991
677 203
71 172
437 770
313 780
499 933
737 147
1000 946
965 704
883 843
679 514
701 70
758 25
500 313
247 540
480 420
235 60
145 340
553 87
607 300
59 266
985 460
724 8
725 460
853 135
776 577
858 937
31 241
602 863
515 329
827 894
277 145
150 129
489 219
896 565
917 353
978 401
941 27
118 551
267 52
370 417
667 567
871 815
604 106
841 872
955 240
423 318
104 732
267 786
451 49
748 789
854 593
362 559
988 751
419 572
204 318
955 478
224 580
885 414
116 978
806 551
864 916
367 835
349 852
261 210
51 34
545 463
471 737
422 431
43 934
371 565
985 305
530 896
135 821
94 503
583 910
721 287
209 451
913 461
180 196
808 677
313 477
170 446
579 790
800 166
377 658
117 301
971 160
592 155
958 446
106 379
619 626
611 22
943 447
601 12
940 19
936 295
916 773
259 26
667 393
740 577
120 586
752 63
9 541
811 972
495 693
153 940
245 94
383 480
937 968
758 148
836 550
984 337
948 424
500 535
886 328
482 514
301 62
305 59
714 425
378 769
98 594
699 860
652 103
46 498
374 911
842 373
279 632
249 599
451 271
861 296
646 732
872 543
963 360
765 204
227 729
694 200
72 71
56 588
715 815
922 463
851 479
465 104
807 440
393 868
671 345
212 806
792 30
646 905
993 675
339 918
172 768
488 437
216 673
220 532
132 406
833 551
228 63
377 995
33 63
489 557
471 645
94 576
20 291
760 624
12 959
133 943
934 374
521 211
151 632
722 724
523 525
726 244
968 684
787 112
94 354
739 875
556 595
192 742
265 382
640 670
744 834
763 238
250 23
571 787
148 960
496 443
887 321
193 381
984 96
568 351
217 375
934 818
98 50
389 743
912 284
226 366
541 741
300 161
448 220
867 534
787 669
866 958
961 914
49 376
185 475
875 52
119 203
842 183
809 326
439 7
421 520
558 203
336 783
177 28
305 39
177 222
698 982
565 989
555 921
923 587
266 858
999 476
12 170
107 748
550 942
718 316
866 627
443 302
10 327
522 506
147 108
941 500
500 676
655 698
231 532
824 766
403 470
115 7
940 44
606 858
197 533
690 918
863 965
699 940
849 127
797 503
800 581
843 537
716 745
788 238
739 600
498 246
320 762
66 402
138 807
985 760
821 98
234 716
459 225
497 54
852 648
834 179
462 980
151 214
985 361
214 117
270 139
39 378
632 710
462 839
981 989
449 36
30 523
568 174
507 874
471 911
863 409
773 929
703 288
209 676
764 306
86 290
839 416
290 831
644 146
44 966
557 923
230 921
433 633
621 232
52 741
532 559
37 119
792 459
991 394
144 362
667 448
830 780
870 713
601 68
269 36
41 157
459 698
242 581
457 429
421 714
459 523
207 217
618 805
589 913
922 265
594 553
131 829
280 609
154 70
913 329
246 712
733 402
145 649
366 741
645 716
885 215
465 756
645 989
871 36
840 456
841 17
54 838
93 996
803 767
888 468
320 581
617 890
338 13
376 168
984 551
142 238
76 665
633 256
31 451
936 601
408 217
833 931
77 598
301 953
534 297
479 514
983 146
589 311
518 253
332 800
405 988
318 279
465 193
48 375
765 470
860 462
727 899
262 846
301 748
621 856
682 909
777 151
372 775
655 850
307 960
270 244
971 345
369 15
483 3
356 275
104 204
433 810
565 65
716 499
151 928
469 300
739 163
332 379
248 646
728 400
491 282
952 856
661 816
991 89
984 169
540 86
710 258
108 176
885 538
900 318
761 298
504 829
654 325
916 778
567 572
296 115
652 286
67 774
545 682
286 548
583 310
841 211
491 870
787 725
528 905
27 728
158 610
58 181
804 48
275 783
921 244
337 397
942 162
214 821
987 631
309 623
571 372
366 624
426 717
135 231
161 129
139 224
547 255
114 134
664 897
917 465
409 810
672 864
358 327
453 873
208 412
86 605
439 272
976 913
20 42
59 516
371 790
890 810
176 472
414 870
219 474
721 124
977 138
525 880
105 471
290 675
642 652
185 463
547 537
539 665
167 376
354 321
743 985
513 522
915 394
700 908
598 23
854 141
88 860
86 251
308 289
493 795
703 376
925 779
749 490
184 478
407 28
501 161
804 656
606 284
218 709
536 738
369 631
296 825
781 128
253 753
330 106
518 865
139 576
800 390
882 730
457 101
900 607
559 492
600 243
303 674
701 843
170 789
923 497
690 476
103 113
279 356
306 469
948 804
844 853
850 278
463 345
236 933
629 138
315 478
599 614
710 837
182 98
989 274
542 898
444 681
249 768
432 225
305 373
215 238
488 712
594 53
833 875
915 637
589 366
38 764
21 258
637 636
281 621
525 946
587 789
897 267
388 938
150 857
100 412
228 169
798 85
397 932
27 586
668 609
560 346
155 606
375 187
12 809
879 251
699 609
665 561
209 413
137 72
359 871
181 799
700 801
593 276
919 513
406 956
886 947
895 646
436 323
959 913
88 824
415 951
566 541
753 58
314 914
350 152
338 704
356 521
620 302
433 604
820 408
277 675
403 600
723 591
800 196
378 944
655 334
786 491
312 542
434 574
389 742
286 834
253 661
571 752
607 214
311 309
742 407
249 54
395 966
732 549
456 760
754 793
51 251
27 186
905 745
675 671
828 487
421 567
102 196
140 993
912 74
552 481
280 804
558 59
709 53
249 626
881 865
63 985
779 24
479 680
232 475
139 114
94 993
186 500
133 683
650 263
651 34
551 965
632 267
405 967
744 453
345 446
328 684
38 619
76 314
280 271
263 574
816 788
627 385
812 277
800 693
48 682
307 999
199 333
208 928
192 549
212 552
449 394
570 914
130 999
369 243
541 19
744 897
195 587
180 189
857 940
703 291
66 804
936 738
624 865
23 310
540 988
135 270
658 115
904 796
982 702
4 129
579 527
356 700
696 305
382 948
990 55
599 887
631 803
691 118
984 492
606 728
35 506
752 120
594 663
739 322
782 722
306 187
843 480
718 716
809 272
559 420
770 963
374 554
638 423
984 266
296 780
81 522
44 410
580 612
822 681
932 441
129 444
131 730
444 627
139 199
31 61
41 814
988 747
325 272
182 187
168 597
373 783
667 557
479 306
373 88
551 651
71 957
111 880
44 79
593 811
928 858
945 796
769 110
418 116
537 250
225 614
635 747
797 696
484 149
119 393
108 809
987 214
492 648
377 858
169 699
320 825
48 360
121 806
823 757
693 153
283 88
219 366
114 120
551 796
293 700
830 493
998 679
336 958
578 461
801 362
469 204
934 14
138 653
947 945
144 578
354 15
762 880
411 252
984 170
583 898
235 784
936 333
124 80
778 844
28 355
88 14
142 495
648 527
643 326
184 545
494 962
353 190
788 831
967 257
199 667
476 316
205 986
478 470
46 250
356 950
69 187
3 197
940 546
194 41
600 135
31 243
382 29
936 137
573 364
560 533
383 362
870 822
410 368
217 85
314 916
615 70
384 202
187 255
926 262
267 135
768 864
148 130
502 822
208 413
367 518
353 580
500 669
673 549
450 502
180 531
219 63
898 622
439 562
688 102
154 654
162 149
309 34
38 544
521 586
495 267
187 33
869 58
946 969
671 500
15 368
323 730
346 89
107 739
812 334
372 757
526 612
802 468
342 192
879 230
368 640
111 328
351 345
975 819
264 987
797 47
1000 69
618 941
801 20
512 161
472 926
734 922
881 454
590 414
958 66
942 839
617 476
69 825
985 416
556 500
971 213
238 820
60 556
179 390
36 517
243 701
517 82
833 133
294 555
9 843
910 3
348 414
502 155
585 693
14 359
432 66
607 108
335 782
487 162
307 264
127 139
808 227
968 766
616 576
980 33
804 375
953 923
535 481
3 144
261 956
577 299
581 355
50 237
300 108
987 692
589 856
473 722
712 637
840 434
421 995
903 291
707 674
943 466
729 690
750 772
487 358
338 46
107 634
883 357
222 721
525 640
34 315
827 122
721 659
439 880
690 654
713 375
418 77
422 525
560 238
333 244
529 677
293 816
445 725
525 945
802 22
289 73
869 94
450 252
267 542
215 956
167 57
425 426
330 951
851 684
484 899
348 314
358 940
380 236
843 716
536 148
81 329
375 43
824 143
697 391
761 820
173 990
872 251
670 434
824 674
808 643
990 687
287 738
701 456
706 126
853 253
854 174
88 825
570 721
311 737
627 992
378 923
812 886
232 140
544 508
377 285
421 938
839 79
753 906
809 904
991 400
593 609
758 421
248 558
247 928
359 298
530 82
17 45
202 227
89 271
330 143
152 793
900 759
673 899
691 138
468 273
732 550
126 493
476 228
866 956
330 35
743 358
943 800
267 259
947 102
602 866
107 448
269 881
330 353
295 753
101 546
158 699
197 223
490 107
879 535
205 708
365 549
163 773
177 99
968 370
254 147
419 186
58 486
319 477
931 215
915 698
96 140
974 219
907 46
765 238
432 142
196 191
256 124
171 363
725 832
654 920
768 967
343 41
422 696
24 119
902 118
524 737
483 442
559 805
638 806
604 882
915 777
60 912
497 202
560 488
670 125
998 606
821 511
255 791
988 576
369 400
38 910
480 855
670 140
485 458
787 432
510 919
114 420
260 464
854 488
359 906
434 479
967 843
949 460
109 95
950 575
682 975
761 720
616 220
565 269
408 610
973 728
43 543
134 874
765 854
516 86
809 996
903 790
875 359
269 34
71 346
934 860
904 588
210 762
248 441
891 657
469 659
459 525
657 458
508 874
749 612
199 583
529 161
81 760
408 600
390 536
908 93
231 118
969 89
533 568
845 758
595 499
282 288
211 506
453 345
111 541
519 650
978 424
872 955
999 450
267 13
16 779
932 265
684 587
461 975
281 153
513 326
825 596
128 228
555 719
495 16
119 644
547 35
529 732
599 783
704 238
858 391
312 351
313 10
521 557
828 959
869 370
124 476
452 475
57 13
665 718
388 867
337 781
321 384
795 514
68 651
273 549
399 109
536 93
761 914
457 879
731 369
130 857
898 975
333 682
869 328
210 882
895 712
787 61
809 661
920 730
260 91
616 872
448 299
252 717
56 416
644 225
847 794
223 92
668 255
921 99
959 936
749 4
147 696
735 356
958 272
282 977
50 277
175 587
652 570
856 101
654 216
910 447
11 531
142 415
455 556
232 595
891 554
875 97
171 870
813 299
690 54
654 613
500 826
149 867
407 559
780 11
799 249
434 587
326 965
609 63
318 604
474 735
515 351
870 17
529 559
608 96
81 160
387 865
83 626
569 635
589 328
807 401
845 222
604 123
617 903
814 555
138 8
73 755
342 312
270 517
721 993
722 314
229 218
93 656
108 925
824 406
772 606
494 214
46 757
467 838
52 244
801 43
484 307
42 81
652 922
9 104
122 995
588 196
521 5
701 276
539 441
406 752
777 508
321 936
888 936
185 714
181 588
735 21
682 419
701 133
259 398
278 446
493 593
734 471
745 958
433 272
770 945
899 207
149 564
442 558
878 833
885 107
535 165
600 245
374 736
832 346
253 977
35 258
143 855
147 271
793 882
597 648
142 584
714 468
970 826
771 807
790 1
338 64
767 169
805 588
664 624
645 915
225 338
63 598
307 750
432 20
966 721
270 486
737 255
505 947
59 923
254 854
975 722
928 643
294 544
686 601
404 646
971 807
845 194
901 688
266 505
50 113
347 254
930 179
808 983
309 804
445 950
838 823
967 977
170 127
150 953
319 850
506 311
221 832
924 187
412 71
466 757
108 310
750 253
563 156
866 390
95 968
402 889
905 194
304 995
910 109
494 558
868 479
528 914
71 224
402 335
926 892
904 917
977 705
27 70
669 651
843 152
827 767
580 989
709 767
568 721
933 487
628 961
902 820
24 879
919 52
117 68
210 678
915 324
789 705
505 418
32 542
931 666
951 711
771 101
645 580
963 911
139 511
582 33
328 308
165 470
572 15
274 966
651 408
10 608
84 849
624 326
19 998
97 474
176 983
201 356
55 65
917 422
132 930
349 676
410 472
139 42
837 415
662 346
333 240
745 240
698 166
573 742
816 101
393 820
162 107
811 794
780 100
225 713
427 21
615 508
854 668
301 628
910 610
676 954
290 263
997 553
685 654
161 18
532 7
592 794
630 870
479 862
134 303
601 540
798 966
531 841
298 216
864 718
460 185
63 492
919 551
189 968
270 57
553 675
351 182
833 211
83 940
89 245
393 466
178 936
614 999
5 325
507 589
273 21
93 396
683 974
672 445
359 329
53 762
795 57
468 818
790 380
314 557
121 29
122 334
732 523
325 107
145 765
993 465
25 295
836 837
456 357
404 909
685 268
499 265
745 545
211 509
257 229
667 958
634 711
373 401
871 182
567 153
144 337
515 354
692 228
263 88
727 471
14 8
31 460
713 189
508 303
366 949
558 311
119 647
674 304
840 56
380 849
191 537
405 872
730 316
615 403
674 419
693 453
90 810
626 936
238 482
510 583
719 657
977 380
11 382
51 701
267 968
414 777
767 677
146 667
882 145
976 214
594 285
384 112
175 826
547 657
289 225
878 157
612 457
705 569
320 729
281 837
621 645
458 635
369 12
845 866
27 450
635 809
38 488
986 181
234 958
646 777
452 314
701 414
703 240
410 652
967 191
968 743
329 639
610 984
523 679
230 809
326 348
403 549
406 324
551 565
418 895
1000 551
892 525
179 74
198 154
870 744
947 81
36 848
662 740
844 767
630 40
904 828
563 97
14 683
18 726
628 569
934 968
295 858
705 304
961 942
835 917
273 428
258 24
496 563
685 479
830 664
724 123
407 697
452 838
606 867
771 202
738 299
562 253
671 813
448 549
2 900
702 973
781 843
576 289
297 704
228 636
889 798
923 550
727 522
267 40
159 238
785 555
431 950
521 797
738 525
499 3
990 4
230 177
340 977
287 842
920 349
59 827
428 466
45 260
301 922
910 824
896 198
295 252
189 857
415 771
376 532
285 422
589 216
111 116
374 377
816 956
691 824
91 232
445 913
194 147
407 771
583 540
124 199
864 758
854 17
363 534
847 840
263 951
697 331
632 880
190 776
985 64
169 524
255 354
969 501
40 849
116 659
433 390
198 134
680 641
916 91
58 797
937 118
527 580
355 612
305 716
114 122
787 532
75 806
745 846
776 402
70 238
787 754
168 354
499 336
219 524
687 277
563 795
164 741
440 802
885 140
651 460
217 835
770 498
426 684
376 227
507 830
95 288
984 994
16 852
958 159
861 292
664 992
883 276
441 297
135 778
608 544
175 820
704 528
633 430
447 468
158 25
34 27
155 349
65 695
707 224
161 132
513 943
567 276
150 860
617 243
952 794
820 944
238 5
935 417
919 828
161 582
722 430
268 850
899 688
699 610
630 650
646 175
167 271
229 991
802 361
648 291
330 614
755 443
425 330
479 27
976 757
848 186
367 694
815 322
982 465
216 240
605 874
843 825
407 204
639 543
360 591
515 687
862 250
517 453
421 496
886 236
688 829
908 966
981 136
783 941
865 423
406 511
688 908
448 161
66 528
178 118
39 871
886 398
120 729
136 606
213 592
318 946
992 15
552 85
20 587
19 888
919 444
724 179
706 962
839 546
145 562
902 554
675 79
742 299
482 661
638 360
867 826
851 161
64 573
244 687
374 798
432 49
231 643
399 599
242 728
211 687
513 233
315 733
79 597
897 60
915 922
869 239
307 714
717 427
206 656
363 803
777 300
316 763
685 542
601 611
889 618
682 804
789 512
743 909
48 572
159 792
753 249
610 578
65 223
948 22
695 252
11 161
449 169
880 339
143 677
200 933
294 787
122 250
639 563
344 48
182 848
311 628
347 935
619 975
681 32
537 771
682 267
442 628
350 405
758 54
887 726
527 993
344 846
40 71
667 226
226 270
762 172
447 842
853 723
321 546
196 899
365 857
918 401
336 829
995 574
528 443
520 244
22 53
158 661
608 888
370 551
801 730
569 899
362 899
970 706
366 971
666 251
408 231
379 588
250 828
806 963
154 443
194 635
487 246
295 219
298 717
500 555
356 805
39 214
186 262
59 764
243 331
975 570
873 192
929 214
569 319
825 933
720 317
884 448
775 371
119 341
229 821
121 981
802 463
824 363
881 334
38 997
649 320
69 945
678 725
200 660
703 98
190 51
251 35
969 844
703 951
327 398
819 465
589 511
42 10
134 554
139 924
682 58
26 518
619 653
14 31
382 757
808 492
401 42
700 714
477 762
62 299
986 583
643 314
867 216
586 304
41 253
562 265
357 667
763 392
714 220
861 795
933 446
537 637
302 834
540 368
338 312
926 841
88 303
966 446
490 399
277 299
931 802
70 274
399 888
182 376
220 171
917 763
774 668
866 770
153 102
707 715
727 660
185 565
495 848
900 894
462 11
135 227
309 668
917 477
21 8
295 409
780 875
237 650
589 501
127 522
935 713
116 825
37 416
566 505
989 556
461 211
851 439
854 494
406 897
221 65
313 36
846 254
546 10
30 395
329 990
699 1000
225 865
86 930
218 26
758 911
938 243
34 422
692 262
893 387
125 633
492 284
717 853
535 154
756 909
881 423
666 776
635 165
633 942
527 101
311 670
166 135
5 267
722 783
191 592
85 61
485 883
236 63
623 573
493 680
813 841
742 510
179 169
522 166
934 779
627 807
98 43
524 531
456 625
576 834
248 499
605 824
404 608
923 324
491 838
279 401
358 170
766 311
537 379
75 660
97 444
443 168
337 493
528 18
802 593
141 481
202 529
832 758
420 977
206 249
559 703
229 312
746 978
323 831
710 697
396 586
646 721
98 945
689 114
673 597
273 123
957 865
160 767
100 953
381 335
712 139
363 937
626 324
350 689
357 311
512 98
775 443
869 428
411 716
108 530
285 647
412 330
204 61
778 380
605 767
668 259
407 489
889 868
270 35
347 13
705 770
100 988
308 257
577 200
43 564
286 932
485 919
622 808
761 388
389 593
139 642
800 216
801 625
680 894
342 581
188 77
107 167
161 771
899 45
478 258
926 886
321 892
970 122
799 413
175 407
884 911
19 891
776 542
686 1
233 383
909 862
306 501
187 699
448 168
483 995
559 738
533 388
589 603
475 327
723 493
653 577
943 752
983 935
909 512
253 70
332 603
498 303
978 229
768 811
608 42
351 963
430 767
125 253
876 859
881 583
256 238
37 935
4 453
747 718
363 917
807 296
918 643
647 451
56 826
437 451
976 123
932 156
9 196
33 222
364 648
695 580
475 545
350 975
778 272
378 284
424 732
835 494
947 808
530 256
895 678
591 949
248 879
321 997
284 239
571 965
757 562
189 38
984 210
74 358
735 111
723 623
784 665
88 54
783 485
491 83
718 822
82 174
743 417
503 680
142 390
239 646
719 392
795 424
766 621
583 329
605 305
589 908
774 762
330 305
996 914
995 545
638 427
660 917
468 423
956 332
308 515
283 538
840 461
345 945
842 295
187 102
353 850
392 862
581 90
5 56
323 870
841 997
953 547
609 385
250 532
906 683
465 661
849 291
776 999
64 905
710 528
582 184
45 431
87 84
877 990
77 634
150 682
315 80
730 58
993 750
377 813
229 820
506 651
289 231
255 820
493 127
152 163
426 72
609 386
393 129
688 442
605 911
695 729
572 495
354 297
304 990
627 556
830 243
317 4
66 772
571 993
471 799
147 701
296 257
632 965
27 147
249 295
946 327
108 30
382 581
364 176
883 928
648 453
387 123
283 442
856 104
556 434
52 629
274 731
663 151
95 433
832 145
212 725
887 693
448 234
642 366
611 815
494 945
594 518
98 729
10 599
118 668
273 959
69 72
440 776
827 884
330 420
849 732
450 699
83 228
68 368
676 119
37 571
258 312
847 238
908 418
343 287
123 332
258 683
81 788
79 257
64 614
429 338
236 860
954 83
441 380
258 602
436 573
7 181
932 526
437 232
888 543
258 973
106 489
251 642
177 539
289 929
381 283
673 751
661 185
155 984
137 373
780 729
86 816
722 968
775 342
651 844
51 520
507 90
125 903
716 302
510 835
883 794
702 361
200 179
211 587
545 434
730 126
68 633
420 706
510 978
739 996
852 717
100 170
618 939
179 285
139 867
99 18
943 359
499 873
891 911
998 929
753 994
293 15
848 954
761 495
778 925
438 695
402 505
98 40
300 684
725 253
710 355
948 412
645 476
353 222
59 674
601 304
430 74
396 110
605 456
74 144
421 653
922 994
616 723
379 971
433 247
508 685
435 609
662 992
611 984
336 774
870 839
582 75
827 144
391 203
283 962
186 251
477 392
690 925
632 298
453 870
54 946
366 896
383 19
78 52
206 105
677 949
828 252
827 495
647 56
944 1
357 84
223 575
150 739
815 892
844 572
404 657
418 627
22 97
371 761
773 520
265 164
599 929
102 635
506 592
48 643
769 741
475 708
166 565
744 27
160 188
342 148
757 783
9 905
596 750
676 223
817 947
360 546
787 231
130 574
757 605
575 332
413 430
9 875
749 457
805 503
58 844
592 268
316 132
298 395
905 417
100 563
892 567
74 220
494 783
580 984
942 291
389 737
230 721
828 37
202 126
790 343
559 30
687 213
861 149
349 110
353 107
649 646
45 885
563 968
966 391
129 314
415 20
145 560
917 718
82 141
215 427
89 883
474 739
461 807
873 319
230 236
378 493
825 572
92 197
366 924
192 559
558 286
617 802
484 367
105 86
31 378
771 691
828 544
43 280
595 791
101 226
176 135
565 691
815 959
385 574
544 993
780 737
532 2
806 609
3 680
245 737
450 79
547 583
554 361
242 877
223 326
301 79
309 263
462 990
195 673
700 962
890 432
742 689
911 908
604 690
401 179
497 423
355 180
817 991
643 435
790 678
97 605
170 259
338 673
191 619
216 125
543 240
554 173
312 592
791 840
4 142
887 291
598 306
303 209
292 385
584 634
204 298
580 449
107 698
97 168
213 626
813 707
540 413
524 198
253 918
311 58
784 102
434 675
646 636
849 512
244 126
113 170
84 743
380 654
736 158
702 935
6 878
103 410
125 446
36 465
205 454
99 863
334 154
673 540
357 27
160 713
106 285
487 904
474 281
720 529
537 253
711 845
105 112
487 793
551 996
208 212
635 986
765 464
837 547
279 772
332 173
301 742
177 984
845 489
243 619
670 236
450 83
893 509
934 289
332 403
977 834
746 174
47 904
907 923
273 29
695 728
38 197
387 856
503 331
180 158
865 658
518 706
653 617
622 886
950 825
188 272
351 804
619 540
784 631
307 386
36 716
463 783
501 120
800 257
231 291
982 761
48 582
148 885
281 690
407 980
66 598
842 23
914 392
75 908
738 196
575 971
525 226
211 966
446 821
309 855
202 281
684 901
97 37
79 125
550 432
124 858
94 6
182 382
475 480
332 821
921 254
280 754
300 781
871 70
926 30
106 204
894 189
396 312
988 162
627 353
799 138
318 352
875 784
659 799
417 408
457 911
846 435
187 242
962 692
176 97
237 648
383 1
849 270
940 99
409 733
67 893
992 370
721 852
647 100
594 342
390 215
980 882
841 627
788 78
368 935
989 603
497 773
168 995
561 892
393 962
160 947
192 84
329 988
881 671
510 753
523 312
636 391
509 551
627 380
992 982
300 528
156 342
30 683
403 9
310 683
324 787
199 161
865 845
222 322
32 546
69 693
531 96
770 760
769 811
863 479
369 783
667 352
795 855
544 469
543 777
606 375
570 681
420 816
496 406
26 395
958 304
593 105
204 558
652 474
605 49
451 811
183 736
528 743
691 181
250 335
110 991
624 198
974 516
6 746
170 908
279 290
70 237
274 990
780 84
840 439
1 283
185 742
148 478
934 725
131 648
766 388
894 217
928 953
304 67
140 729
270 856
987 454
423 330
16 115
805 682
936 535
137 694
565 606
346 228
368 884
202 832
64 865
85 697
525 940
160 608
566 56
275 401
404 363
685 678
449 646
103 785
416 329
15 339
938 322
817 583
530 632
893 308
201 143
255 975
75 349
937 522
497 3
830 479
912 824
432 690
790 953
972 52
912 855
480 466
381 846
712 760
717 968
739 144
561 415
562 907
195 994
217 94
326 264
972 282
631 55
159 258
49 67
658 9
109 809
147 756
645 285
485 725
744 728
874 683
800 218
844 691
294 724
904 872
247 556
900 764
92 642
832 73
170 864
687 325
827 822
314 887
261 812
598 723
782 538
805 923
222 551
281 23
444 613
96 945
196 390
415 164
145 878
880 547
510 226
297 797
673 646
945 921
34 344
508 263
533 882
715 883
955 192
46 442
667 756
172 46
430 204
950 69
239 6
591 349
519 464
135 459
305 484
389 965
641 66
992 314
82 718
267 928
87 35
36 459
94 773
349 868
851 734
466 704
51 722
87 144
753 412
695 465
555 162
207 991
744 233
411 682
381 548
457 343
510 920
422 494
540 645
423 771
192 571
798 853
857 319
360 865
848 214
497 440
886 946
958 31
190 997
377 738
838 555
54 30
754 224
645 95
209 669
545 859
194 363
929 740
386 806
114 530
957 61
912 593
485 905
723 625
710 592
448 17
88 56
571 677
476 423
922 825
892 715
736 595
808 160
899 11
24 847
459 512
631 686
742 172
435 555
240 689
224 278
705 473
780 397
448 942
359 184
93 76
862 106
205 530
651 440
379 867
15 817
896 545
749 897
589 748
422 797
296 641
723 26
182 189
575 579
917 454
367 371
279 697
529 582
470 632
987 270
551 641
258 628
152 239
334 155
717 362
668 786
746 202
251 760
541 867
25 897
100 451
670 51
104 902
11 370
86 810
927 928
786 564
932 970
355 791
357 333
259 989
669 154
742 624
364 750
493 14
630 753
541 64
172 741
527 413
288 42
200 742
77 672
460 296
373 761
891 116
599 319
87 523
270 25
143 277
806 255
644 238
772 443
350 203
972 845
120 685
928 105
753 964
126 765
53 681
679 151
61 142
508 271
14 316
456 600
352 665
886 90
35 411
193 431
641 947
35 412
202 439
365 681
991 757
39 808
460 835
45 854
247 645
359 79
586 17
364 487
827 793
991 538
44 485
444 463
581 282
404 941
334 426
318 879
376 92
709 102
968 288
287 16
60 742
292 890
691 985
426 692
98 569
125 464
290 135
509 113
435 850
556 366
651 130
409 819
825 635
793 812
609 284
828 634
23 728
686 392
746 159
585 283
569 638
717 270
812 38
312 970
686 507
375 910
30 127
56 918
781 898
817 457
289 16
983 609
237 826
226 589
902 194
330 498
555 234
425 449
243 582
639 944
964 558
177 852
358 11
769 520
735 493
954 516
886 587
892 216
985 426
141 495
19 198
972 96
61 863
479 432
248 826
134 533
726 83
193 810
214 892
455 459
903 951
887 452
869 585
672 27
484 553
559 642
197 866
313 711
603 562
323 161
779 843
796 811
516 746
356 882
444 544
785 62
622 621
571 749
329 202
757 497
956 929
654 296
842 8
326 233
595 336
230 277
359 115
382 208
221 78
724 155
830 197
59 12
135 179
612 875
338 583
907 171
104 485
949 540
879 332
699 186
760 956
813 206
465 96
196 208
589 359
37 896
869 247
160 609
369 285
522 179
371 763
423 268
802 387
548 611
695 460
460 3
359 783
394 401
927 521
933 588
990 631
147 59
736 864
617 273
303 324
731 265
165 308
190 857
174 578
831 453
644 166
368 31
900 72
522 582
212 352
910 225
659 521
846 116
644 53
151 199
355 376
395 529
341 309
679 621
84 9
785 947
749 745
899 46
22 195
120 733
528 708
612 620
733 277
300 325
992 768
796 604
193 689
233 380
657 258
287 91
3 400
779 307
68 330
859 577
344 690
276 287
115 241
334 13
140 461
967 296
430 544
733 217
572 729
974 221
634 876
237 591
591 399
336 288
525 638
51 823
229 590
662 441
112 232
464 132
651 936
214 304
55 512
993 711
354 591
565 851
242 152
479 837
760 549
708 845
30 337
358 834
402 1000
575 63
668 499
905 7
997 361
51 499
293 622
773 24
904 891
948 18
90 262
269 788
511 682
597 309
303 190
360 512
252 534
291 670
806 35
779 564
467 321
284 260
503 391
363 240
458 4
294 870
321 772
162 768
382 959
330 90
687 122
66 624
909 12
427 527
127 73
683 739
297 444
232 979
230 322
545 646
430 128
362 346
328 454
529 160
791 153
45 855
677 658
415 101
474 931
899 296
331 858
634 337
999 107
603 898
624 359
186 206
280 455
638 136
253 246
269 625
976 655
277 102
704 446
465 398
447 266
858 623
250 824
34 381
453 613
521 885
274 790
859 843
966 941
733 942
501 974
10 69
104 888
821 315
471 502
23 881
593 180
564 595
342 385
113 847
70 339
265 451
812 353
955 830
525 836
124 73
748 518
403 108
80 47
638 550
539 590
151 587
501 514
874 156
108 740
859 420
312 929
41 293
192 695
104 323
602 462
285 946
913 361
228 305
204 208
294 928
811 342
925 373
99 72
961 101
943 317
195 957
605 686
731 543
787 801
758 372
407 240
804 890
32 782
895 759
35 673
677 242
715 3
367 928
517 281
477 844
459 705
10 993
155 200
288 471
849 934
581 487
395 950
842 21
145 323
535 474
114 872
279 280
376 383
782 689
329 15
6 671
27 720
157 769
983 661
395 148
435 695
111 590
888 393
483 943
500 87
40 32
572 931
223 913
442 72
534 483
277 122
266 248
345 684
415 927
842 568
111 925
295 362
85 818
232 282
216 959
492 852
718 30
181 459
814 557
48 444
855 325
604 129
493 318
794 601
281 522
964 265
811 246
480 934
561 963
656 985
397 521
697 3
587 732
646 343
649 497
89 156
380 421
381 860
916 697
303 962
369 188
333 985
834 94
764 259
238 942
139 660
387 186
687 879
85 57
363 299
351 875
551 300
204 985
122 62
910 181
454 17
58 806
455 744
832 321
818 812
123 600
732 682
662 544
814 544
364 437
689 938
961 909
547 468
18 582
900 568
582 78
31 220
583 419
487 270
719 99
386 341
261 839
297 662
201 370
628 912
233 872
81 996
907 170
853 858
879 734
242 973
647 164
655 681
286 196
879 335
315 692
119 586
376 966
654 903
34 20
699 923
976 772
43 223
392 341
564 523
531 706
551 831
496 645
958 775
683 747
302 811
329 847
716 333
220 924
556 806
61 640
480 817
778 39
564 297
583 767
307 768
271 229
995 367
155 372
536 953
150 811
630 425
62 133
621 106
772 184
188 363
373 671
160 268
940 506
408 822
481 320
134 784
449 248
515 25
197 277
70 45
330 182
828 153
95 394
830 635
524 642
562 461
11 593
397 561
403 125
326 477
225 37
316 340
69 124
333 708
510 6
37 414
98 668
174 217
844 881
496 975
405 11
988 337
915 243
378 479
922 102
76 955
385 119
331 927
372 193
465 417
410 546
769 233
71 977
120 265
215 138
129 251
2 619
12 528
661 141
976 849
650 414
462 656
214 305
142 530
419 767
721 35
834 706
780 668
506 627
214 160
162 716
27 576
424 930
186 577
575 169
208 9
695 576
995 314
541 11
962 209
947 703
329 756
330 647
575 399
160 74
35 934
476 748
354 240
743 878
599 394
626 292
709 955
52 750
236 3
496 464
648 45
106 113
61 104
27 56
946 302
680 862
148 860
511 24
663 143
222 197
994 34
170 544
154 429
66 625
140 200
947 232
532 790
883 742
67 789
1000 894
969 497
831 991
596 48
979 168
488 653
128 558
918 5
352 76
816 507
597 319
83 204
177 55
550 624
310 501
352 59
336 592
101 464
796 720
12 327
490 217
370 435
768 31
67 337
267 147
812 173
745 214
323 904
769 102
384 4
771 656
665 437
899 965
462 381
154 690
873 58
287 626
204 268
133 792
391 988
85 639
176 309
840 902
695 390
557 417
506 663
949 23
739 639
21 548
258 598
544 639
105 627
511 619
208 900
545 27
433 801
696 921
146 454
97 668
973 403
948 247
218 468
626 505
49 866
420 799
40 861
924 415
982 653
670 354
183 616
670 830
710 379
13 233
239 817
453 115
202 437
165 783
993 390
277 453
536 596
321 513
736 480
64 301
874 274
965 121
676 236
895 504
222 594
6 559
244 46
154 210
338 87
250 635
270 976
223 912
224 18
335 774
413 984
932 340
419 379
421 809
821 751
578 835
360 336
534 706
132 646
669 425
713 445
493 317
574 638
906 168
835 110
673 799