1000 9872
121 970
660 3
596 161
198 685
489 575
218 231
935 8
43 912
6 292
1000 77
963 835
740 55
961 294
14 162
17 654
270 72
899 632
761 657
133 304
299 712
619 735
156 119
634 616
378 195
1 946
697 333
683 878
406 651
300 984
193 254
985 74
344 126
472 51
308 729
551 303
458 202
425 899
777 374
874 690
231 499
293 156
425 812
123 939
781 183
970 240
482 822
25 300
838 59
287 323
738 231
757 185
795 404
13 495
71 569
3 297
551 134
505 308
538 33
116 469
542 745
486 195
770 460
867 772
766 26
732 158
200 55
589 515
412 893
266 142
641 685
953 456
517 695
811 934
405 825
278 569
542 794
194 121
361 149
38 757
699 813
206 783
125 837
972 706
994 774
846 223
149 437
685 675
446 233
266 371
631 270
927 634
768 17
808 990
219 305
555 966
403 54
650 221
544 584
143 56
56 146
365 120
132 190
302 522
778 753
920 430
986 147
961 695
735 336
338 806
504 706
302 629
673 359
346 633
130 570
40 569
624 637
909 260
195 884
566 645
511 918
540 96
501 140
598 298
784 690
565 467
553 507
516 9
867 279
316 119
252 833
164 163
862 30
709 649
700 131
303 728
953 959
511 325
222 776
885 72
500 818
951 333
555 940
516 446
519 521
97 98
885 249
443 90
588 82
205 764
797 792
335 841
83 160
304 147
624 716
806 932
188 637
375 701
525 666
429 261
747 278
767 987
381 12
438 509
349 558
816 243
785 646
309 320
276 127
354 875
850 932
686 454
135 452
581 788
803 358
80 414
399 371
807 342
239 112
42 732
426 319
281 592
463 949
85 602
466 556
488 12
290 286
142 177
973 59
793 429
8 723
778 59
856 823
263 561
565 849
237 269
682 927
669 179
851 848
393 104
592 292
877 816
809 528
55 800
247 88
764 102
341 147
549 606
472 862
270 145
290 595
190 1000
462 845
659 745
713 945
700 589
38 44
648 240
406 704
467 466
982 503
274 462
578 128
930 773
456 976
204 994
649 891
122 119
161 945
619 850
605 411
644 841
548 541
250 386
213 638
434 893
218 932
685 500
117 210
11 717
571 501
607 467
261 781
562 208
339 185
656 21
515 218
465 834
749 783
292 976
42 783
478 831
154 913
201 821
361 51
785 721
328 900
348 351
975 738
558 318
485 82
802 884
286 29
971 791
474 485
720 533
205 83
522 279
689 270
215 30
271 792
517 528
885 873
726 398
858 318
786 563
258 177
381 483
440 395
591 592
349 837
220 982
886 755
602 999
566 220
674 783
826 434
501 512
838 897
288 45
218 290
327 388
421 207
530 353
198 499
570 558
593 647
818 548
963 533
801 466
568 451
71 16
938 861
26 435
9 161
14 400
92 944
737 589
493 591
998 790
723 526
912 958
514 527
291 922
22 798
207 278
373 58
250 311
235 41
788 833
918 441
74 121
719 363
889 84
746 695
876 310
532 922
685 472
536 142
69 98
102 298
365 968
258 386
488 633
340 762
513 408
841 59
71 890
383 676
798 427
690 272
927 77
660 456
201 293
111 814
183 205
901 930
884 110
975 337
867 888
854 898
447 296
909 579
550 895
954 92
6 217
387 873
211 621
984 811
517 739
720 497
907 511
975 41
358 607
16 668
517 628
630 903
100 482
674 49
712 228
952 339
626 854
226 584
949 106
932 888
262 691
806 316
592 104
648 938
646 341
522 847
31 505
307 855
990 696
686 130
730 157
70 650
933 792
262 528
683 865
995 83
505 195
929 673
625 889
368 69
633 575
958 308
50 305
574 356
321 47
580 993
672 508
1000 921
504 505
291 950
457 386
723 468
248 505
418 559
456 710
734 249
644 769
352 279
237 765
377 694
982 473
600 551
833 209
226 419
176 852
233 389
510 123
224 64
614 381
222 647
600 283
418 978
31 111
16 828
269 550
428 531
435 770
2 867
542 633
64 552
599 632
267 77
915 681
533 858
348 144
77 366
6 810
615 323
600 680
949 827
533 60
884 352
336 470
393 913
410 785
103 112
867 952
147 708
898 877
556 913
336 244
657 750
881 264
275 115
596 789
75 236
982 14
660 774
682 218
55 844
798 652
790 812
147 794
359 273
247 149
468 870
41 396
260 170
134 647
714 941
791 879
903 805
61 936
541 418
395 530
986 569
313 849
904 876
984 26
804 269
861 812
843 353
168 39
871 343
490 446
715 299
738 872
447 940
965 943
571 297
898 120
692 664
571 345
131 744
653 926
580 409
605 122
453 509
100 467
923 757
817 74
567 760
249 632
452 187
89 681
384 139
189 952
528 670
351 927
246 621
280 123
389 295
941 378
897 224
251 720
488 254
376 175
471 495
592 756
77 116
624 66
869 232
63 161
980 855
341 975
362 618
238 65
997 180
191 77
626 158
989 816
575 171
647 334
650 254
550 292
364 335
165 499
720 118
886 519
925 473
775 976
553 538
682 190
669 980
48 898
17 341
750 161
864 586
431 118
593 12
808 503
881 231
455 396
616 340
355 264
799 918
434 137
886 195
620 411
822 891
398 903
37 205
296 73
353 168
950 749
706 748
47 420
89 662
571 534
404 695
810 606
408 562
559 416
818 69
639 239
913 863
183 853
885 43
787 412
410 243
158 525
508 722
842 222
524 902
391 249
115 801
701 762
559 652
193 706
324 51
638 460
770 437
257 110
386 394
45 135
548 226
399 252
182 32
901 990
479 742
558 319
281 273
174 204
177 352
489 406
147 440
510 508
812 62
11 281
752 903
592 720
132 563
388 965
983 20
252 2
110 160
630 811
3 986
822 685
218 1
91 821
100 45
584 658
103 938
930 354
553 997
327 502
521 135
445 871
198 609
902 764
346 796
41 298
52 824
673 501
463 583
30 594
648 237
26 513
905 258
523 735
490 874
35 725
274 307
26 432
339 683
212 411
584 814
717 750
387 97
464 860
434 60
587 206
687 27
437 901
438 975
165 781
538 297
921 423
818 105
605 777
943 263
19 840
404 570
6 658
463 473
54 654
127 844
202 661
754 934
443 133
432 402
395 230
270 982
516 518
811 670
991 804
997 679
374 814
237 754
733 237
119 754
253 8
680 406
720 611
756 417
580 247
323 102
604 237
16 526
45 397
963 150
926 46
953 140
811 858
570 313
522 520
766 777
668 528
389 17
47 597
724 549
952 451
751 957
575 227
843 683
436 195
293 326
935 155
829 628
412 116
933 950
566 894
830 6
299 714
212 729
622 932
471 840
368 503
97 559
886 873
522 686
155 395
485 892
397 38
666 565
244 380
703 498
688 777
121 662
526 89
179 174
308 586
572 431
790 466
773 640
562 341
264 400
286 877
987 992
770 902
813 612
610 310
946 71
838 57
273 503
221 473
336 877
245 172
874 485
597 967
473 728
221 74
314 357
98 759
64 267
887 949
357 922
633 837
883 510
732 142
867 697
554 801
306 603
1 143
59 113
634 930
998 108
193 971
175 847
767 801
241 659
737 246
955 187
461 910
334 164
746 108
713 381
492 804
772 886
2 642
668 807
188 697
582 521
312 433
817 408
363 881
987 104
191 49
848 306
363 11
617 251
837 998
307 615
694 913
823 567
590 294
773 270
761 992
975 872
644 818
873 786
583 619
311 932
293 745
890 567
262 668
435 493
503 232
416 44
803 904
56 3
534 808
830 83
7 744
130 905
57 927
666 887
8 117
464 631
160 400
496 432
850 650
260 171
687 780
65 928
636 868
469 379
127 371
980 151
800 223
105 901
606 231
553 248
792 883
614 722
504 785
336 719
459 307
187 260
39 799
527 570
624 145
239 728
700 94
595 368
170 877
45 879
562 91
391 263
590 376
692 746
338 138
727 740
619 39
177 8
645 877
480 455
466 230
984 599
427 372
309 684
348 198
116 90
888 51
7 469
814 799
211 710
339 509
909 569
897 977
216 899
370 285
405 234
723 355
497 998
647 26
595 797
798 130
712 95
548 580
343 35
436 839
310 808
423 75
461 148
517 163
617 70
546 218
215 997
162 211
915 787
772 904
738 926
971 472
440 96
939 6
835 185
506 737
911 244
414 564
483 45
740 122
744 125
856 599
787 43
347 608
955 865
673 400
855 904
752 488
75 90
368 416
496 245
792 514
132 35
134 721
374 202
122 147
825 446
504 591
361 842
583 915
51 2
882 520
886 192
419 177
378 987
860 850
340 606
944 982
482 781
16 441
600 991
307 330
62 736
746 593
487 109
551 446
678 478
607 332
370 893
793 212
316 379
746 736
123 867
788 909
48 136
210 933
124 931
784 92
440 637
651 268
447 673
983 979
162 307
484 417
618 216
283 817
436 517
334 89
149 152
130 524
831 412
957 817
546 284
106 263
215 171
197 620
918 971
388 567
392 562
590 124
683 298
96 384
768 44
367 500
167 106
349 835
688 339
368 336
254 704
275 61
721 157
333 719
603 145
821 74
751 777
755 458
938 150
670 353
69 842
394 548
622 30
53 353
751 894
204 211
186 834
618 961
268 624
127 469
476 755
41 442
369 869
242 493
110 334
80 546
842 696
939 558
451 932
360 655
72 70
840 852
839 158
87 981
737 700
917 865
335 463
597 920
836 672
657 19
827 943
365 676
884 692
528 256
236 663
240 722
116 333
353 917
524 817
656 228
180 696
67 528
510 172
556 468
205 642
978 386
998 65
968 436
987 496
589 540
355 505
99 784
704 414
922 333
177 306
660 441
220 368
177 551
563 771
944 28
30 209
186 435
993 545
171 429
160 602
531 573
283 786
163 577
439 692
253 601
655 996
413 25
354 627
427 229
622 216
803 542
217 862
406 829
333 755
523 399
483 218
198 563
21 950
226 680
43 802
281 985
217 987
311 865
60 551
21 807
759 103
869 739
411 951
252 747
95 962
43 704
951 934
948 500
507 524
844 645
437 873
131 50
687 73
468 145
491 16
697 925
978 546
649 514
84 97
412 936
362 271
774 854
723 778
603 800
295 710
596 72
118 755
286 415
439 48
844 841
538 44
222 928
337 485
500 951
428 732
371 358
311 910
44 228
449 860
140 727
16 76
128 823
861 315
845 918
348 146
612 999
297 948
154 983
417 303
811 923
298 762
917 762
447 479
855 306
430 747
825 779
932 553
793 293
775 141
299 220
996 378
592 665
355 709
164 933
789 642
5 147
703 972
85 421
195 317
713 696
588 316
627 350
938 223
385 757
540 703
650 171
651 766
543 548
359 923
90 444
863 283
380 404
613 800
342 798
19 935
221 967
422 166
136 11
429 762
506 31
108 447
984 254
929 579
783 280
142 144
899 887
681 546
179 345
394 929
843 146
274 651
17 679
188 69
960 406
696 400
843 355
383 58
735 785
404 669
710 850
690 146
891 639
931 644
976 659
988 467
36 992
956 49
480 250
776 439
175 415
767 17
201 48
628 745
645 731
686 9
871 55
657 261
110 735
677 416
85 921
871 454
637 348
736 137
119 772
470 598
440 549
992 466
828 584
962 758
279 768
380 839
698 172
663 638
165 167
985 116
438 463
983 157
345 537
376 905
55 750
464 121
51 683
512 471
234 543
841 525
683 350
556 992
295 12
7 920
66 372
46 838
860 622
508 362
699 552
817 214
43 76
171 147
268 879
643 781
460 179
544 710
311 824
203 147
464 709
178 975
70 577
640 728
109 229
327 50
758 722
528 857
726 924
537 247
783 207
759 220
322 449
58 875
809 977
576 996
407 88
675 186
598 309
141 12
344 168
861 925
131 10
995 843
356 677
430 26
586 404
913 972
217 463
1 522
53 881
330 214
124 343
829 208
26 239
140 91
396 45
714 48
552 171
74 211
663 105
245 394
871 458
239 620
130 240
462 133
487 168
797 371
71 659
257 243
367 264
872 934
470 515
898 380
607 754
442 32
667 569
429 358
654 801
289 691
58 112
6 240
98 881
745 218
301 494
358 295
678 308
626 591
833 815
355 672
372 455
102 728
497 786
156 427
138 234
447 100
16 706
928 419
161 111
86 927
474 181
526 519
854 400
285 875
942 823
725 685
178 608
565 84
288 32
252 337
103 36
90 152
293 305
97 199
317 427
190 907
728 494
229 623
359 560
584 626
571 904
53 401
661 722
222 504
665 791
299 625
393 500
290 852
312 644
494 748
758 329
601 2
730 422
812 295
400 359
283 434
857 985
767 378
490 722
511 56
131 102
387 496
28 486
446 941
494 953
207 128
463 42
619 192
839 959
447 998
433 92
948 853
78 519
755 561
336 929
558 12
430 899
948 964
236 950
408 349
376 209
50 942
641 369
590 780
276 476
850 73
135 107
177 305
326 722
29 661
485 115
620 754
801 195
91 452
788 486
862 819
620 769
373 579
461 202
708 93
466 608
834 868
556 25
501 862
686 620
488 71
821 395
768 9
652 111
552 799
750 198
259 575
260 268
946 735
12 905
489 972
40 686
281 984
913 455
982 80
416 113
570 606
274 115
717 989
424 668
740 386
160 118
913 328
970 395
109 173
152 986
320 284
291 605
442 723
53 423
212 441
639 498
877 313
970 365
933 103
718 967
334 33
113 404
922 712
207 326
528 591
857 821
605 431
516 160
222 129
46 179
912 189
625 386
454 308
280 567
322 858
665 154
130 9
956 157
978 325
300 857
463 447
662 107
384 220
279 537
604 318
681 547
955 76
455 741
162 878
73 316
175 841
768 681
823 77
111 847
58 441
885 436
196 116
797 594
94 252
31 398
401 865
896 322
168 680
29 889
727 262
214 447
529 657
345 572
898 582
292 713
668 848
171 392
715 893
837 595
55 570
792 108
775 244
258 856
480 1000
815 784
216 702
74 804
733 691
303 16
96 568
522 12
6 373
781 817
360 253
808 849
535 774
220 921
741 233
872 88
377 606
285 298
894 969
976 540
31 346
48 921
615 342
661 665
471 3
728 422
47 830
375 349
782 135
450 692
749 48
971 122
863 56
499 845
765 795
855 708
325 894
71 213
253 497
648 54
142 256
858 727
148 837
113 432
430 511
692 982
307 368
678 289
476 329
224 402
888 633
857 642
988 428
808 90
438 949
916 70
538 367
150 121
207 120
837 209
583 493
414 225
609 146
662 900
258 470
211 997
54 884
534 66
239 440
278 780
687 111
15 843
988 97
2 834
587 244
908 354
295 344
358 617
564 807
675 198
434 963
746 562
363 43
172 180
889 574
642 948
755 37
93 598
704 741
869 21
615 497
211 919
82 650
52 401
593 211
613 16
775 257
744 321
542 20
124 35
367 905
722 392
542 423
985 714
894 922
682 810
424 566
80 200
66 23
69 852
91 968
330 640
22 714
313 438
99 453
796 421
602 500
330 289
389 922
179 458
606 423
643 26
244 748
354 124
448 505
679 596
839 39
967 498
274 349
238 730
131 252
406 294
762 976
579 762
624 977
432 241
648 417
406 401
463 160
523 995
731 836
754 735
791 38
799 491
801 886
306 172
549 240
383 430
206 493
334 294
600 184
451 518
947 397
348 902
650 1000
762 404
780 27
72 832
976 758
884 999
82 105
107 710
96 53
258 732
6 870
297 866
194 734
637 362
504 346
90 543
417 357
616 999
958 644
707 900
690 586
34 230
826 122
628 130
707 789
506 958
695 642
254 996
96 386
873 206
437 445
593 63
258 768
470 63
74 892
169 576
167 245
831 82
66 456
752 759
968 564
860 738
708 574
969 890
380 415
504 655
302 582
235 737
236 190
381 803
166 145
13 770
435 80
582 319
661 834
467 355
465 365
51 96
421 234
442 687
26 302
504 988
821 701
689 567
21 229
182 596
255 38
862 474
424 140
211 68
50 250
487 403
790 134
150 33
524 982
176 684
999 52
802 720
857 619
399 834
257 173
934 673
153 108
580 589
463 331
727 686
933 783
214 839
284 147
92 103
633 280
480 385
63 550
500 972
671 935
140 813
552 309
720 727
572 808
43 442
581 950
31 405
487 599
401 900
382 379
480 751
559 899
873 392
256 884
290 96
932 567
777 626
480 606
599 807
931 505
327 544
474 116
848 329
298 467
793 504
501 861
427 867
319 76
232 62
472 589
384 771
261 195
586 522
376 765
734 309
267 638
860 599
111 351
901 499
542 511
394 631
270 162
74 995
240 455
458 386
407 479
501 480
376 926
213 412
788 296
41 267
994 675
556 606
621 384
806 18
863 455
320 333
653 645
964 858
325 980
771 375
342 589
734 451
257 717
735 942
877 307
847 736
633 684
744 627
931 541
456 635
187 765
936 677
804 356
258 64
352 299
27 773
675 657
18 869
269 832
453 227
536 432
519 544
331 651
775 698
79 89
508 928
32 748
555 980
311 122
595 439
942 200
727 690
525 941
575 603
771 928
437 18
519 710
150 303
141 78
346 458
54 907
185 968
685 107
85 879
306 696
56 603
312 453
976 988
558 378
7 144
384 871
786 712
654 905
399 282
561 775
599 971
547 884
122 786
414 829
551 932
185 27
183 722
594 329
816 851
15 347
489 675
479 878
760 528
816 802
467 878
734 976
840 710
20 306
615 751
487 93
160 181
432 682
90 442
218 375
114 260
53 947
293 456
336 26
721 389
892 362
951 791
165 142
232 817
98 227
613 512
289 376
711 119
913 196
331 363
26 503
283 460
144 790
489 588
420 163
682 282
442 615
886 106
942 296
853 339
288 533
87 927
878 873
192 288
975 130
491 823
790 78
991 603
852 499
28 717
159 117
288 866
272 295
659 547
983 968
713 60
676 944
497 697
336 761
928 989
162 413
96 153
189 948
228 910
506 808
733 835
493 478
6 165
525 631
363 615
592 744
864 781
940 178
524 433
780 523
450 162
397 873
302 990
688 429
142 647
660 960
700 879
781 852
492 463
185 273
506 351
234 846
256 548
369 237
284 114
32 27
454 806
679 225
846 760
189 203
174 609
947 931
625 13
290 846
330 867
94 216
501 250
199 138
449 53
325 940
108 44
644 16
41 125
403 898
460 704
706 744
966 62
145 938
951 654
629 272
222 862
415 477
56 716
409 140
268 241
508 750
59 220
228 765
126 20
932 431
257 241
405 41
429 370
642 196
326 613
468 902
24 275
595 220
172 123
546 424
287 858
53 448
633 386
135 406
484 308
220 286
155 547
902 444
340 984
391 697
696 611
660 134
788 435
807 369
336 402
9 268
632 73
945 744
713 532
860 477
493 228
459 348
828 803
111 927
725 585
962 365
670 74
624 814
622 195
324 514
128 317
517 829
5 233
265 116
858 93
694 719
577 819
575 88
687 626
997 438
468 708
783 15
881 421
369 137
702 85
706 8
545 142
963 651
198 500
535 559
178 200
683 888
942 535
65 33
356 608
855 542
605 679
473 772
94 180
442 829
993 520
407 9
47 102
231 453
383 129
493 586
795 96
10 1000
222 171
574 476
980 19
35 388
274 608
683 708
903 527
576 31
117 177
444 455
780 425
638 461
785 261
262 447
615 999
27 582
105 16
35 115
186 237
262 334
158 783
140 814
681 598
77 325
479 689
685 6
281 320
814 858
581 949
943 690
338 440
430 611
224 485
422 531
44 33
690 623
678 297
493 422
864 838
862 817
884 265
119 492
390 204
394 131
417 98
367 226
928 594
143 189
147 182
829 942
649 280
659 339
11 604
975 769
798 778
214 93
623 243
899 721
649 506
868 202
800 890
882 794
701 438
204 242
541 173
299 718
598 38
895 608
904 23
703 361
528 931
782 88
913 851
99 250
796 140
246 127
550 103
164 294
899 173
991 307
772 520
669 555
269 925
41 198
294 560
978 545
207 949
72 556
970 77
190 226
827 972
3 158
83 428
999 202
801 829
143 858
700 37
59 151
956 159
975 109
61 509
905 847
672 590
527 704
568 911
331 795
542 723
930 497
659 981
571 161
846 357
24 732
885 257
229 301
362 974
275 589
512 20
258 645
189 943
244 302
318 621
210 138
802 838
50 547
721 798
833 868
280 100
540 857
318 764
522 930
37 904
9 507
967 865
284 683
637 115
747 735
307 762
994 564
419 712
313 77
828 884
484 34
855 45
659 510
218 82
91 192
110 92
845 503
5 144
464 446
851 698
484 945
748 678
802 266
398 449
687 581
640 320
15 120
724 116
34 401
762 617
2 948
137 202
615 53
473 162
166 79
226 826
501 372
763 1
88 775
450 690
911 803
218 406
682 505
26 581
706 483
890 132
74 329
365 438
994 422
579 512
171 618
877 283
170 567
942 297
417 930
752 75
4 434
615 760
954 210
922 972
260 747
837 223
823 284
900 539
983 602
107 335
288 867
642 78
257 148
131 751
261 676
742 295
447 649
128 871
510 235
704 426
638 231
260 182
412 316
629 992
154 566
522 180
417 200
275 726
976 953
426 406
358 649
622 458
732 414
181 128
668 694
997 838
38 418
650 848
208 113
810 874
617 219
467 924
30 462
432 617
588 460
440 100
919 852
441 781
726 326
85 326
86 993
911 240
15 47
28 548
864 731
26 788
658 234
981 892
216 442
74 568
522 768
48 903
412 440
415 979
722 827
910 90
365 265
442 806
321 867
161 986
933 172
592 482
80 534
467 310
883 894
973 812
966 63
549 109
877 400
383 475
205 807
539 11
353 28
196 702
469 750
571 410
719 258
331 709
830 745
444 316
908 83
675 680
733 482
704 232
558 247
177 40
215 464
589 739
174 367
302 564
768 740
811 710
295 489
940 994
814 831
176 127
713 168
92 163
243 57
245 971
964 127
654 983
197 616
414 784
590 977
725 886
634 797
618 486
963 78
730 847
893 145
548 604
567 336
453 784
935 396
574 724
665 728
78 391
246 549
548 675
954 646
522 962
225 962
1000 88
143 126
627 283
441 666
333 604
317 311
872 146
655 211
659 20
238 811
424 675
460 289
47 771
731 742
574 16
167 426
373 881
504 512
730 306
70 819
416 822
1 984
705 112
378 904
360 755
895 941
956 807
407 121
464 849
287 455
17 231
38 784
151 116
83 290
891 587
529 76
123 549
942 15
827 630
308 913
114 864
256 49
649 635
779 516
405 345
608 562
201 124
644 698
776 626
631 570
672 547
785 304
440 787
663 511
153 114
634 381
28 688
586 248
509 151
538 71
707 580
34 294
665 120
724 989
466 829
513 188
769 42
642 856
314 249
159 499
362 653
534 709
77 166
884 266
924 737
394 128
180 657
107 851
169 640
738 979
463 722
601 645
86 847
590 207
739 563
997 247
713 640
347 398
521 341
995 490
405 738
7 626
393 170
535 245
143 82
695 641
148 80
492 935
856 531
967 59
2 787
498 528
737 99
321 9
393 388
606 466
147 969
913 578
689 879
27 219
453 281
867 471
144 881
914 177
806 99
826 805
921 763
613 635
801 609
60 372
204 235
869 850
822 804
550 503
316 473
13 407
749 653
295 877
26 34
103 16
876 272
310 362
771 132
904 547
84 835
196 261
145 577
510 125
348 72
334 399
227 861
893 676
175 741
289 542
580 890
465 445
138 365
447 741
378 887
470 590
915 687
550 770
628 38
756 19
560 782
686 322
689 110
599 743
498 667
703 645
957 885
707 862
817 258
305 502
713 497
825 783
536 342
849 241
794 530
180 373
806 737
276 832
264 648
312 646
195 400
218 83
560 330
869 464
247 476
243 557
744 6
341 248
754 99
755 390
797 181
321 100
119 457
910 460
87 597
423 681
939 332
558 685
5 339
955 425
743 723
49 931
378 81
964 952
235 824
677 289
844 342
527 867
344 208
593 995
776 349
631 815
634 241
411 290
18 773
738 19
323 38
649 546
604 214
328 467
880 224
143 776
478 409
481 171
191 302
805 816
664 700
258 469
496 616
486 23
239 122
876 395
54 843
899 324
645 872
229 149
793 266
410 443
512 623
3 552
708 355
690 722
766 57
567 56
550 814
516 874
955 218
793 235
428 186
102 929
842 632
366 794
918 957
119 550
432 780
242 943
885 695
797 341
391 740
839 70
124 463
306 956
445 635
835 47
342 493
270 439
477 12
143 101
240 434
96 694
63 274
786 891
38 212
787 159
91 634
934 18
4 83
481 666
912 141
744 768
240 239
916 1000
866 931
189 58
744 687
446 603
711 85
325 938
697 767
147 538
315 773
204 537
862 385
526 26
404 537
348 716
919 249
649 973
344 859
349 214
957 279
887 602
141 234
481 183
944 553
746 749
358 159
604 366
179 568
510 26
940 701
707 730
706 827
725 716
162 733
89 811
637 954
352 51
443 236
618 178
637 758
631 380
215 320
72 210
328 60
55 443
393 608
842 525
827 435
276 427
208 267
542 970
484 310
675 231
420 710
256 623
604 535
396 851
755 2
918 712
472 628
414 891
336 35
82 571
375 194
470 50
801 7
373 456
564 378
765 711
550 637
659 166
218 186
644 434
57 248
369 62
651 570
467 665
363 536
331 70
652 884
194 466
674 1000
382 663
751 746
187 903
294 985
497 726
996 601
942 644
891 876
202 219
954 288
82 74
190 632
305 722
445 230
623 770
224 494
988 77
912 341
177 422
58 621
793 758
645 637
852 87
254 361
511 461
398 647
118 744
808 566
984 758
896 616
608 674
303 167
24 595
577 633
724 248
685 243
428 92
546 603
159 220
362 1000
101 333
374 851
548 229
146 956
257 509
629 787
301 908
928 127
876 768
993 548
827 422
432 980
752 985
487 822
42 914
175 413
986 470
882 167
989 705
385 627
996 163
635 997
527 534
804 559
161 468
882 54
954 667
332 91
425 463
116 706
119 189
123 166
450 906
471 608
402 41
590 494
459 88
830 441
51 10
941 768
621 492
496 163
100 813
415 962
890 366
800 90
144 926
381 949
455 338
645 302
190 645
74 418
662 531
814 478
908 935
946 238
923 181
719 712
301 266
946 65
31 929
783 598
736 533
306 524
476 272
921 389
81 672
620 255
344 898
827 831
131 868
598 706
802 755
469 790
886 22
314 969
922 136
615 5
177 119
909 958
234 96
343 326
845 512
920 489
595 41
872 994
979 838
965 359
589 571
885 432
851 256
671 21
585 428
916 204
646 861
208 361
225 589
244 351
36 919
216 868
642 940
705 365
738 773
333 479
744 474
724 720
104 953
72 537
68 796
877 546
349 248
609 528
742 980
998 418
466 723
893 344
570 173
807 136
973 224
42 258
351 284
66 412
817 636
859 217
843 764
381 533
184 79
38 862
539 711
280 914
602 109
274 192
994 723
536 23
226 841
35 345
826 740
41 356
170 384
616 208
14 49
163 758
809 879
437 950
151 872
278 630
13 839
201 767
255 308
19 458
147 513
995 965
196 934
782 933
156 594
189 618
627 782
246 613
55 923
965 886
416 605
880 146
535 420
653 25
21 715
936 19
19 793
940 587
368 702
279 377
197 62
275 796
499 314
335 160
495 814
614 272
662 250
116 160
742 436
11 20
818 412
395 437
68 473
55 150
295 340
674 319
402 538
167 798
171 347
284 538
203 586
20 12
846 144
299 63
798 23
67 43
990 440
785 920
417 463
243 490
320 861
357 350
371 264
750 479
553 865
237 248
699 559
544 620
530 595
882 126
835 332
89 178
551 40
949 476
137 723
333 519
463 616
726 38
947 823
530 373
872 537
332 321
763 47
873 575
213 194
142 198
403 534
649 786
106 649
527 209
288 342
17 104
347 949
41 98
577 80
795 153
533 781
123 682
126 607
518 911
984 509
869 736
429 659
738 52
630 78
407 821
947 352
936 15
666 440
887 970
889 991
73 28
510 43
405 453
478 517
944 697
192 309
68 257
909 814
586 194
76 892
847 25
228 984
650 758
776 773
172 118
180 921
825 612
453 619
366 836
309 960
15 986
875 590
453 764
536 352
935 680
707 793
964 136
289 912
200 341
402 657
639 623
441 77
759 597
940 145
501 837
146 650
113 837
898 701
702 495
446 679
727 40
552 691
551 293
772 761
812 746
320 552
247 391
375 114
433 975
680 707
134 405
925 438
434 499
729 108
381 846
493 916
848 173
351 10
703 225
536 679
677 390
437 637
956 707
673 961
229 763
69 598
415 638
406 273
311 569
611 495
353 483
999 620
377 485
610 205
829 45
390 827
230 570
446 967
306 106
905 630
66 682
158 331
918 476
600 233
675 761
415 434
842 106
990 290
991 527
940 531
912 116
715 633
611 186
865 52
372 108
301 88
374 950
767 165
880 535
63 546
724 872
395 108
915 661
515 335
849 489
189 904
996 616
390 417
758 16
768 881
436 743
833 925
426 477
279 839
428 131
285 262
766 193
545 325
699 792
115 465
355 606
780 639
394 142
44 675
489 260
876 912
648 741
298 802
685 694
53 60
574 758
665 698
26 936
996 172
988 539
855 251
695 530
223 381
333 749
66 40
213 311
360 789
267 707
199 260
511 566
494 448
338 936
178 513
584 516
969 794
164 764
695 816
679 143
493 888
738 708
317 458
999 690
618 815
985 32
415 973
571 939
659 603
238 948
41 408
79 624
406 640
423 546
299 592
307 125
329 405
477 821
39 530
79 737
379 152
687 998
924 500
835 691
92 620
917 877
535 274
4 330
875 287
640 850
438 563
610 64
774 953
810 398
540 315
814 334
692 622
862 442
538 276
597 823
328 264
553 204
572 123
331 655
499 289
390 720
970 810
699 376
980 391
371 361
177 118
785 631
70 507
935 957
261 734
499 127
414 500
392 140
422 931
263 145
121 546
638 89
819 801
931 187
346 377
774 295
189 797
633 447
266 6
894 310
860 354
864 869
917 229
242 905
224 644
150 764
686 546
998 464
747 720
651 717
589 237
419 717
875 940
882 957
797 480
927 621
43 102
778 415
137 493
467 882
657 742
705 668
363 709
164 818
860 567
679 77
316 597
687 582
959 173
375 58
124 250
184 63
665 944
978 479
299 670
69 780
105 707
714 755
622 984
721 505
939 334
579 999
393 422
179 501
494 574
886 844
562 526
636 867
108 452
843 59
662 605
19 461
277 689
446 524
340 23
210 30
75 866
439 209
215 558
390 771
599 306
761 677
550 273
573 80
832 214
939 778
814 362
853 704
715 291
224 262
373 363
410 231
433 14
20 602
370 675
520 930
707 736
398 203
679 938
938 944
137 915
376 159
874 226
201 276
510 238
917 438
997 760
323 777
784 277
767 962
237 691
510 377
538 812
79 460
632 32
767 595
202 793
976 956
168 649
703 699
280 67
724 646
394 247
640 227
253 442
8 589
65 620
543 339
339 253
693 354
968 831
312 195
60 929
167 127
941 532
584 495
419 886
649 341
104 180
866 933
102 708
316 633
221 660
807 685
877 952
997 495
52 978
604 647
739 184
740 327
20 932
961 197
251 370
783 213
201 521
40 905
587 104
973 711
498 681
201 693
504 598
947 980
87 857
808 398
790 413
170 534
779 908
155 150
671 135
123 538
30 21
736 623
899 119
960 103
210 890
706 535
581 409
337 67
568 620
533 742
18 629
295 823
335 22
488 759
639 100
396 442
35 202
182 367
220 214
183 962
870 824
67 573
139 152
940 286
677 119
675 395
678 272
367 391
483 666
428 9
228 150
931 226
572 752
132 773
600 769
965 554
552 636
789 798
786 665
169 765
573 951
599 911
671 258
693 326
198 812
686 709
449 346
674 149
492 408
48 632
511 541
592 901
275 179
841 281
288 38
949 319
921 962
666 363
714 523
640 698
75 127
826 669
386 766
647 985
407 148
815 267
610 454
195 934
749 499
734 345
569 423
922 591
579 602
504 626
269 228
444 14
72 677
198 37
4 486
554 916
520 796
260 543
671 767
306 333
166 673
253 845
92 461
241 909
349 474
261 108
906 543
706 797
513 407
110 665
66 468
832 683
586 886
950 255
951 82
419 357
917 494
340 669
578 806
929 155
193 912
796 582
919 732
898 461
641 16
904 917
742 204
279 838
907 409
694 99
586 552
401 776
879 429
628 227
543 410
581 723
125 183
254 517
102 158
560 466
744 271
707 133
432 933
592 835
338 948
190 252
502 690
864 686
164 799
626 222
589 42
493 85
440 31
868 103
891 206
512 179
91 965
751 810
683 186
939 212
7 764
599 358
820 113
587 678
311 894
576 661
811 286
479 420
501 412
553 747
860 993
722 673
717 936
847 969
888 790
942 567
883 410
74 337
865 570
613 632
248 548
231 485
431 167
731 997
679 637
259 14
244 592
260 989
246 226
374 471
768 751
676 453
257 625
809 188
295 921
539 71
667 10
886 434
675 519
527 558
649 103
219 643
678 398
903 623
705 492
652 301
710 127
692 542
1 485
80 910
876 418
511 393
558 50
561 382
466 250
101 303
405 109
599 627
214 727
492 909
163 183
236 807
366 914
6 803
44 114
427 890
841 824
915 545
776 941
427 907
160 526
649 240
326 752
293 814
883 2
426 321
393 920
177 561
924 430
879 54
129 950
702 469
370 34
291 596
579 426
212 833
746 409
413 502
34 781
398 346
54 456
664 428
815 655
119 274
584 323
553 916
700 861
756 577
884 231
208 951
532 458
105 561
741 314
413 788
665 951
803 436
217 56
428 381
494 682
669 888
360 528
640 610
627 216
139 802
182 836
873 85
904 902
400 332
250 146
378 975
547 916
61 202
965 884
468 188
696 407
753 666
274 533
974 706
120 745
687 219
84 908
243 134
426 362
882 285
740 887
852 393
391 383
782 628
287 190
490 54
145 657
37 387
248 252
470 655
141 421
240 608
815 947
661 859
103 279
529 964
141 566
914 886
483 865
189 702
621 896
537 66
354 910
37 955
907 80
980 634
802 870
231 512
168 71
20 927
315 749
724 647
102 823
747 558
417 189
476 572
628 219
918 547
261 356
198 34
169 733
422 313
690 789
105 499
803 590
256 283
384 704
424 941
167 207
99 749
120 741
432 764
622 155
754 51
94 528
76 11
421 737
143 184
617 505
691 542
857 266
360 878
353 43
216 740
158 273
446 380
285 930
270 14
636 785
491 290
11 353
402 273
574 203
244 746
88 296
251 482
679 436
734 789
178 187
287 495
89 364
731 813
636 143
452 701
161 824
628 566
649 579
891 528
729 429
724 223
770 249
615 873
407 676
600 190
639 103
162 617
549 331
880 926
590 537
629 61
98 695
524 959
706 822
926 639
84 646
586 192
913 624
954 364
422 782
719 44
586 851
823 2
625 831
76 645
383 539
187 228
297 868
137 543
112 567
215 306
571 90
112 805
318 553
803 447
851 825
366 821
936 732
594 488
354 773
778 227
634 793
541 199
471 394
167 909
997 78
670 60
176 288
165 536
307 566
215 897
453 796
609 606
333 374
225 853
73 499
603 120
566 364
167 243
891 293
428 733
858 38
531 884
916 314
299 328
504 428
189 327
372 89
597 364
764 499
625 83
532 505
181 725
810 231
630 492
264 159
19 407
826 781
352 584
227 280
536 937
340 217
416 697
571 879
279 78
675 925
343 891
198 26
53 813
274 714
499 553
447 75
391 417
448 249
784 771
948 574
810 571
171 827
151 481
528 376
122 371
309 857
257 822
24 551
671 655
984 761
315 105
44 361
814 125
162 764
71 876
662 49
349 330
447 717
784 207
604 448
381 89
680 496
37 701
629 819
926 373
968 11
736 39
258 557
831 440
618 439
394 61
785 836
296 290
812 27
206 830
599 829
46 935
285 437
641 133
882 339
150 833
100 404
446 248
102 590
158 204
252 63
255 840
517 907
864 953
792 134
850 644
47 604
530 518
927 536
752 698
180 435
518 495
246 692
47 973
512 180
125 521
787 506
751 821
510 989
294 30
743 965
816 538
946 681
621 489
492 163
365 171
368 401
221 760
118 365
240 219
187 932
961 93
589 333
749 470
587 391
830 818
95 228
443 655
373 962
100 526
729 90
986 555
402 488
386 997
26 268
559 154
338 490
411 346
184 720
245 41
1000 783
650 840
88 283
417 763
664 676
684 607
386 182
577 681
600 374
83 341
145 581
87 986
685 323
957 574
340 544
684 381
480 419
561 462
154 940
504 297
824 776
146 780
99 820
124 705
828 531
798 175
574 535
253 404
636 287
955 400
663 963
25 987
814 597
746 375
90 243
966 880
699 919
973 12
214 365
885 832
501 809
998 417
802 404
696 655
460 48
560 334
688 275
816 728
171 7
47 993
284 501
431 262
252 289
57 821
209 530
800 923
930 530
722 848
725 479
782 142
985 2
734 647
791 708
957 188
775 547
895 912
426 312
438 755
477 791
478 208
136 273
230 625
935 121
505 86
643 354
239 781
151 75
909 27
72 766
453 936
922 934
727 921
47 379
549 197
224 310
917 609
115 561
296 885
188 163
836 631
175 423
88 503
676 258
831 828
776 526
680 470
482 563
598 749
340 725
616 988
447 692
693 684
755 671
242 630
314 91
277 85
336 767
742 427
11 9
729 780
345 839
453 628
628 6
29 677
413 774
2 639
495 126
43 265
725 861
211 559
693 511
200 316
842 759
42 707
377 632
255 604
453 564
176 261
358 541
15 276
825 920
667 997
243 495
635 561
233 709
622 297
24 690
904 408
812 257
975 25
15 42
256 395
20 476
276 582
467 641
484 801
947 651
824 190
492 340
221 946
956 587
545 206
777 72
47 874
216 302
886 831
423 535
959 929
886 571
400 484
238 626
259 427
302 271
231 479
985 143
255 469
60 197
463 824
470 756
273 148
738 64
188 97
61 237
174 948
891 674
840 688
141 149
161 831
680 985
956 126
776 460
853 738
140 83
997 51
144 22
365 840
371 439
172 490
989 983
947 402
89 958
510 46
703 336
371 292
992 168
59 67
522 412
381 125
832 833
229 287
230 40
803 64
309 663
805 562
811 573
793 90
611 767
585 408
680 420
85 801
718 15
137 760
401 691
242 975
349 809
963 53
747 666
574 729
385 619
116 635
63 92
56 230
464 379
212 396
47 552
730 106
512 169
768 323
899 763
203 806
925 435
982 76
622 39
725 4
695 809
437 713
616 156
502 135
65 59
799 880
302 440
34 15
915 355
554 225
406 362
958 263
905 409
728 276
50 256
308 632
458 45
900 388
795 102
389 665
892 654
198 27
889 718
990 7
59 419
847 698
60 88
408 745
887 645
947 208
109 241
771 30
165 819
886 455
283 680
503 781
416 562
70 240
572 82
519 565
656 221
625 760
755 569
737 6
368 903
116 453
615 29
983 537
966 329
509 146
435 819
297 822
369 552
71 295
211 896
819 601
897 292
271 562
766 996
318 635
64 630
998 201
253 687
249 574
270 766
167 850
52 558
689 470
964 88
290 123
811 967
205 108
833 771
229 102
531 580
884 631
989 684
114 166
872 326
473 317
761 978
320 664
801 79
750 410
532 201
163 678
426 28
851 789
726 131
138 1000
412 223
493 996
829 650
367 575
597 414
119 46
378 356
70 630
130 955
131 398
5 489
759 126
608 365
320 469
854 150
252 764
39 702
173 648
170 168
899 770
636 969
748 147
254 730
610 236
705 192
692 293
815 15
912 294
827 597
738 8
46 187
758 254
541 668
871 437
305 988
344 902
500 9
222 570
480 53
64 692
31 80
325 307
128 913
382 444
281 181
154 941
747 294
343 307
219 833
914 931
883 230
242 674
314 55
461 900
906 787
376 868
822 391
381 237
879 338
333 74
944 49
341 591
59 567
423 46
449 663
682 306
677 775
570 169
510 796
60 783
117 842
870 222
911 154
414 966
774 602
424 578
920 839
460 128
687 579
228 420
692 491
566 452
76 112
544 290
781 523
854 67
838 964
216 339
15 247
570 634
179 653
373 643
835 626
48 864
251 363
70 749
930 642
661 786
661 647
321 921
875 478
782 62
251 472
415 563
771 299
740 652
429 915
268 279
487 157
458 101
26 353
45 579
209 989
763 466
784 829
397 198
404 678
481 61
191 938
567 627
918 411
689 961
652 211
874 486
840 627
931 272
111 548
900 513
760 298
714 487
626 283
503 257
554 341
463 264
582 310
73 326
408 157
581 998
249 517
162 404
20 810
628 7
632 888
906 823
390 108
22 515
698 181
756 483
116 834
475 279
20 8
920 22
372 539
229 190
921 252
519 231
280 356
778 47
104 40
204 451
960 865
229 912
436 30
649 427
961 329
320 639
462 716
536 883
810 126
355 87
537 224
964 763
144 572
342 819
869 966
847 605
130 611
331 46
759 38
62 338
708 736
86 308
886 175
28 245
965 564
805 411
532 709
853 492
300 725
959 646
601 94
396 192
438 301
993 260
45 679
136 669
150 504
302 238
168 14
297 430
157 926
835 938
69 178
2 109
899 393
187 427
406 139
836 596
12 22
947 405
495 985
103 164
984 654
14 879
979 917
283 922
931 22
789 156
172 114
874 84
784 372
654 358
662 373
741 405
320 927
640 194
897 213
423 97
618 371
525 997
927 913
848 500
99 657
972 909
997 302
191 251
543 598
621 370
397 616
792 330
868 221
541 81
63 317
467 127
696 934
735 271
772 283
829 726
173 786
400 434
969 449
184 361
520 451
665 798
942 542
744 865
5 162
378 35
765 917
35 734
934 130
888 876
819 254
450 615
288 374
522 310
681 225
97 14
961 145
767 309
303 838
35 572
774 977
114 779
481 500
136 697
980 26
49 712
670 954
657 9
608 601
455 536
391 304
653 93
265 868
602 903
325 60
974 939
863 645
357 619
175 606
453 152
962 994
301 84
339 353
776 617
805 580
789 335
774 541
22 342
780 134
234 152
702 883
774 428
211 648
867 591
392 963
306 799
592 536
738 890
591 892
462 682
300 321
160 596
233 866
312 271
751 734
918 745
337 972
180 270
609 632
96 533
208 63
560 420
618 742
206 47
165 432
21 956
8 501
686 966
198 440
644 290
477 623
167 503
917 366
39 697
443 528
84 294
588 982
866 208
216 288
766 873
32 824
514 628
416 711
594 774
169 497
631 833
653 927
247 600
503 754
767 257
200 857
273 339
365 129
83 452
128 709
307 238
97 224
353 94
886 288
279 306
497 265
400 542
675 665
13 482
280 935
325 16
572 119
205 634
741 920
361 121
391 165
106 129
422 919
396 680
311 114
162 970
528 4
413 542
71 850
13 997
862 619
496 800
337 364
48 153
176 942
78 5
736 902
577 247
211 676
234 271
54 50
699 203
98 840
674 602
63 800
564 763
727 281
106 325
769 441
972 608
176 2
580 109
928 518
86 754
362 634
219 415
972 759
647 457
760 681
655 476
600 978
731 120
755 366
423 190
150 978
816 730
255 280
470 127
950 693
358 307
42 414
321 205
428 679
748 556
643 680
401 309
772 332
869 700
986 888
950 983
130 924
963 584
87 704
571 971
496 83
351 223
943 507
70 893
649 886
511 901
44 856
959 621
652 531
785 122
605 537
36 820
847 526
772 128
122 471
32 947
786 356
60 1
463 68
266 640
322 772
586 457
418 583
933 356
850 53
227 897
874 460
585 823
822 548
54 722
809 447
386 152
335 175
140 911
842 305
861 115
809 456
906 722
390 323
486 152
343 353
839 668
188 626
85 922
7 771
361 66
210 397
461 935
266 87
328 996
148 87
920 232
833 857
858 444
750 371
993 615
940 170
484 126
316 466
313 114
908 20
380 174
181 939
950 620
209 338
914 510
910 656
967 929
218 787
735 389
717 186
137 158
781 733
53 274
17 321
539 452
597 198
134 716
230 817
446 754
602 364
53 564
536 530
829 403
978 815
126 753
394 496
117 274
411 151
782 906
455 678
519 813
277 578
169 457
871 286
838 493
508 768
252 890
690 172
283 718
590 364
767 430
988 393
410 247
480 144
577 742
210 777
139 287
466 415
433 46
415 106
292 231
512 978
710 981
686 835
788 519
77 456
149 971
747 336
150 495
872 218
699 657
91 325
625 909
935 726
8 783
547 982
654 990
215 188
69 882
55 343
662 485
521 759
9 427
953 380
321 171
834 649
742 774
981 598
985 531
199 505
988 642
738 953
924 954
462 617
104 5
580 591
845 317
416 129
164 999
436 76
935 26
848 388
977 79
233 560
751 877
541 80
450 979
822 644
542 359
40 587
847 832
579 786
820 8
825 374
554 92
60 389
243 777
905 270
178 888
75 192
295 572
350 74
740 758
743 529
869 982
799 771
726 801
1 153
369 636
212 30
923 220
796 838
909 33
953 913
995 766
390 606
781 103
268 62
434 786
309 934
610 411
83 9
505 735
527 756
287 115
110 818
606 855
315 106
500 934
980 360
654 745
713 19
966 335
141 669
352 213
206 240
339 465
710 832
736 75
681 606
777 671
742 113
104 677
776 949
300 435
873 119
394 56
931 275
551 554
205 106
200 374
256 184
618 5
497 820
243 312
405 521
82 646
640 94
789 883
683 400
976 166
705 632
280 349
890 692
817 586
657 765
843 726
402 912
798 362
388 195
47 974
551 110
96 884
981 504
482 277
57 357
70 628
184 151
645 118
299 710
946 567
657 936
364 992
683 860
406 645
78 934
819 172
240 45
863 95
739 69
5 649
8 163
563 179
636 971
729 95
583 76
325 876
678 160
202 249
535 297
900 378
260 985
672 265
196 991
378 806
966 239
549 93
363 70
828 132
829 189
3 799
357 684
908 812
857 684
623 719
179 856
736 555
117 236
945 305
620 245
782 668
110 863
884 770
749 643
283 551
757 429
374 919
767 836
70 508
571 185
202 524
404 192
866 631
546 633
943 745
140 714
508 268
589 565
220 440
449 986
381 235
661 9
845 796
417 4
279 870
525 586
820 622
529 655
368 869
662 429
521 527
704 659
987 803
621 902
829 857
523 198
518 824
377 778
20 340
630 879
260 347
130 846
441 874
316 594
342 186
34 747
778 762
749 149
363 486
489 807
950 980
796 991
61 883
78 787
563 900
455 415
95 180
117 652
784 529
506 149
52 793
574 162
207 447
28 614
744 713
969 740
279 115
969 255
84 855
273 318
476 323
994 128
27 843
374 678
715 740
920 540
704 21
853 700
509 374
383 269
735 568
594 956
757 16
367 963
633 34
799 287
784 108
514 157
129 441
385 9
62 957
547 223
140 799
906 281
515 381
132 927
477 506
393 589
357 132
396 576
58 99
793 236
43 509
371 24
484 281
964 3
512 644
572 600
176 169
86 684
858 445
258 899
794 625
659 437
113 851
42 337
43 40
150 780
427 137
377 806
506 642
12 869
860 701
151 710
890 748
656 784
473 484
204 76
647 722
463 705
264 905
128 536
857 270
621 285
91 962
222 376
938 73
192 699
778 670
265 289
801 343
787 164
259 287
665 768
764 346
843 77
806 83
26 417
597 182
544 46
981 215
486 543
213 189
53 676
757 944
118 74
468 109
679 168
312 874
513 314
69 303
202 384
934 977
758 181
433 220
261 713
288 697
54 524
257 814
370 881
995 594
836 598
569 949
210 227
957 754
318 864
31 133
788 512
109 692
870 140
15 945
567 228
490 200
533 820
664 957
367 386
334 121
101 338
211 750
328 946
439 902
447 395
432 848
551 513
911 784
185 888
257 283
115 507
703 730
742 180
449 563
357 410
199 994
103 618
641 189
293 994
20 46
703 439
632 318
622 345
968 832
56 890
474 9
863 529
3 969
298 987
237 624
100 67
102 561
548 683
845 407
977 764
674 667
798 791
821 94
629 938
373 551
815 560
622 42
511 745
316 905
852 555
543 886
252 731
223 74
852 922
174 650
711 904
130 756
810 370
478 28
460 575
632 984
656 614
566 863
883 949
311 420
352 571
597 59
387 125
662 649
258 195
267 854
144 230
219 698
202 420
455 538
6 764
763 525
502 467
624 213
679 779
443 35
340 429
852 461
746 712
639 7
487 282
275 858
535 200
59 243
289 522
107 271
150 281
634 756
785 53
267 95
550 798
77 14
723 438
120 225
287 801
770 285
699 161
205 408
996 485
478 916
317 853
54 199
493 413
440 343
519 11
831 309
281 617
567 287
632 346
483 488
945 515
985 622
142 725
548 632
860 442
590 215
902 179
725 628
82 534
910 734
623 149
716 345
544 682
123 191
14 656
464 745
906 400
341 93
640 748
128 377
644 300
459 46
596 741
282 621
339 628
731 730
44 999
78 935
964 844
344 77
198 344
199 945
758 416
351 778
498 746
616 409
728 243
929 556
144 804
329 360
809 22
442 585
39 921
740 634
279 110
416 584
143 911
926 782
225 713
676 337
884 668
41 862
225 41
460 912
232 795
969 442
699 257
280 689
151 374
84 843
68 304
930 351
275 886
11 756
373 435
945 18
241 829
119 820
944 470
295 425
940 930
957 796
671 102
968 43
879 351
664 868
612 634
600 694
826 56
159 805
105 137
776 728
510 688
778 54
229 232
637 251
474 193
80 72
958 823
209 372
273 849
506 734
821 101
74 954
471 684
813 402
260 491
467 745
855 778
551 13
517 141
34 532
846 635
26 680
778 763
29 345
15 240
551 482
77 535
226 819
998 993
86 303
144 610
271 395
243 960
781 490
854 81
507 951
382 545
2 499
535 735
493 632
274 96
994 447
886 241
317 202
709 600
31 620
452 567
827 517
666 653
377 16
622 542
970 7
444 162
49 278
505 436
131 476
54 545
736 456
370 444
636 252
652 206
434 731
879 959
515 94
475 129
212 17
23 879
619 18
231 968
913 655
111 662
791 362
266 883
802 897
361 439
380 629
951 96
185 897
225 384
779 435
194 753
486 361
983 412
331 238
864 57
662 364
663 27
893 930
705 957
238 361
475 73
665 425
708 9
572 747
105 212
323 45
752 905
159 435
823 840
366 141
731 198
561 857
724 755
727 172
698 218
825 924
848 267
730 995
859 141
143 252
860 610
773 341
976 111
677 649
713 832
221 797
424 545
420 808
905 54
910 193
372 939
427 947
412 2
820 135
825 239
757 748
133 232
427 455
478 226
967 193
787 167
950 945
406 723
597 196
657 887
142 201
458 162
166 243
424 494
1000 545
378 125
643 301
516 77
644 26
57 672
331 257
666 333
1000 944
250 179
362 425
968 178
786 311
292 444
349 189
919 241
860 352
265 608
786 326
435 396
205 990
991 643
758 138
535 294
282 25
980 112
912 240
70 136
328 503
628 674
828 60
956 233
338 208
67 914
653 135
35 240
975 593
257 862
371 296
429 440
470 272
842 339
242 519
987 8
794 414
906 756
615 74
798 446
983 998
607 742
702 858
295 480
615 219
12 454
487 548
860 2
295 369
99 880
188 647
376 927
86 606
931 377
309 437
256 47
944 252
622 495
289 937
533 390
972 682
167 904
152 415
691 818
638 885
768 57
219 473
845 5
829 896
208 86
546 98
54 437
532 411
170 158
578 307
30 674
837 818
38 153
886 637
99 413
800 872
30 717
52 13
846 691
952 373
320 461
636 195
412 405
160 102
455 175
473 816
6 407
297 51
905 268
861 14
394 779
415 615
363 318
491 261
933 230
570 672
575 689
354 23
118 36
264 275
925 578
160 324
405 661
238 59
814 458
890 52
653 888
92 566
899 200
539 113
709 673
486 794
785 209
168 237
814 786
686 803
239 551
184 791
780 394
956 141
705 395
335 240
992 217
75 671
349 468
353 785
617 572
409 999
197 128
288 932
849 662
526 537
956 467
885 307
600 445
56 190
859 664
801 46
237 740
736 77
384 210
422 958
354 960
888 120
814 864
102 918
254 813
23 746
124 297
471 52
823 771
703 761
744 486
210 446
484 161
979 26
930 71
962 62
111 130
204 288
778 19
831 884
858 229
397 935
904 453
463 686
579 69
378 398
397 568
347 409
540 680
962 246
412 219
432 697
754 116
596 887
783 117
164 763
660 736
522 705
317 451
104 400
838 623
929 705
752 492
436 503
165 159
195 607
707 612
285 534
496 169
531 226
74 347
651 614
630 380
667 482
960 360
133 450
670 763
729 93
236 907
447 868
407 916
924 354
143 910
353 226
800 977
265 820
16 510
715 316
520 830
505 264
804 510
733 432
72 242
241 978
681 269
145 236
226 434
745 578
218 426
179 632
642 96
867 679
279 557
83 148
11 915
488 580
487 654
680 322
172 422
543 177
343 463
1 13
334 182
427 880
979 831
428 207
469 176
381 233
108 400
534 271
854 921
557 166
355 530
949 780
197 535
717 288
998 486
870 262
52 385
841 540
717 433
55 526
21 650
918 648
993 139
82 616
270 363
43 95
681 49
449 260
674 215
863 761
504 605
646 145
27 483
265 442
199 225
290 607
613 851
852 765
965 454
707 274
235 533
215 539
346 678
754 235
592 210
304 730
721 498
484 616
285 585
18 68
130 522
437 958
701 321
298 468
373 816
964 929
880 428
386 851
543 466
814 403
865 486
833 808
142 268
992 581
844 734
340 397
839 853
495 739
956 87
410 127
545 586
749 616
770 239
273 461
58 264
826 194
405 312
5 798
118 697
343 540
850 336
168 808
652 94
871 42
804 97
939 763
429 484
219 816
220 495
332 753
629 837
296 551
742 428
979 874
375 653
604 389
417 341
607 786
137 630
284 995
637 459
530 903
883 119
926 449
547 908
803 278
785 775
189 683
461 134
392 403
765 472
108 957
234 512
994 826
427 139
428 608
660 971
788 128
312 185
355 759
561 570
618 573
767 481
23 822
432 754
472 959
415 284
665 724
53 57
62 116
997 391
208 792
118 319
82 769
621 428
846 711
688 737
605 856
911 777
970 503
808 486
431 721
776 4
904 985
333 865
155 601
818 643
835 880
286 772
503 105
179 244
71 322
349 188
114 995
746 560
197 504
714 210
919 97
188 237
618 706
766 646
398 688
438 877
735 649
736 324
130 197
426 828
413 594
880 995
712 424
546 588
896 419
346 486
988 89
625 817
116 140
903 224
340 980
396 614
498 380
543 30
12 598
327 931
474 501
720 517
367 98
703 708
940 250
82 270
17 853
772 963
495 270
686 605
981 595
525 993
488 88
531 668
110 179
993 753
778 463
123 116
627 372
241 145
86 120
942 859
264 984
358 796
125 639
248 67
75 278
749 987
616 114
464 271
986 140
473 119
4 937
811 299
631 170
722 642
772 406
801 482
52 812
805 298
754 203
60 375
653 742
154 894
883 951
995 773
528 592
697 915
758 569
882 406
683 672
649 528
871 319
283 318
140 157
895 181
641 352
911 562
39 708
576 251
317 979
637 990
563 999
564 120
253 981
240 704
595 310
408 396
173 244
637 591
676 996
709 800
349 467
277 182
513 488
550 909
607 692
314 941
913 224
780 130
443 548
970 528
43 438
480 268
656 271
234 279
586 960
181 300
382 294
236 841
475 3
280 19
707 876
559 919
929 442
845 198
354 803
315 555
355 582
466 597
471 420
792 29
422 744
295 122
427 66
673 814
893 331
950 306
77 958
977 240
941 597
928 476
290 713
94 579
574 841
851 792
436 210
455 150
319 382
83 799
337 627
752 414
74 614
769 910
865 849
721 405
298 366
373 682
285 612
531 116
308 315
700 517
353 406
282 922
924 93
202 149
139 652
83 650
531 338
914 310
273 198
636 565
965 665
748 31
818 959
515 838
808 220
938 579
130 332
136 601
838 40
783 601
329 72
976 884
6 734
597 831
102 375
766 982
275 779
58 761
221 91
889 241
581 235
862 732
40 275
719 125
157 612
818 286
323 644
767 833
549 414
823 211
861 412
3 566
318 905
409 883
214 750
145 857
756 101
634 633
432 139
215 240
495 96
833 881
819 854
533 76
590 23
201 381
530 834
158 131
807 306
849 120
581 577
271 977
157 982
208 31
726 305
748 665
659 376
226 751
687 590
873 940
971 267
476 875
42 45
629 669
341 127
131 465
27 256
583 783
967 108
773 819
387 136
932 197
891 958
250 42
87 845
700 618
840 779
179 155
937 75
919 239
939 757
303 471
41 815
203 844
245 23
192 141
411 429
32 550
714 14
453 58
605 329
476 205
258 56
6 698
886 256
853 697
876 366
254 430
989 9
628 767
645 717
713 95
533 940
628 366
353 856
172 500
211 358
767 869
144 349
326 629
40 730
442 30
25 238
393 626
121 597
145 837
538 820
650 682
615 262
319 325
341 765
103 498
909 699
940 23
177 880
48 487
432 774
452 329
366 147
186 381
780 575
859 30
197 667
527 559
298 994
547 749
533 322
683 477
99 274
371 601
778 443
411 702
503 44
9 113
598 76
544 724
345 39
610 621
406 614
632 737
134 561
429 703
913 370
935 995
938 967
965 210
191 561
433 533
341 388
531 172
644 117
854 289
960 290
373 787
174 732
839 26
531 285
992 755
311 605
230 535
856 98
819 22
192 122
980 3
412 631
436 311
634 525
72 623
799 949
61 457
232 853
177 452
168 273
633 195
135 855
141 450
183 135
827 239
139 225
15 946
551 732
418 952
382 505
847 145
850 87
724 972
673 694
11 43
638 14
82 213
736 18
408 109
823 825
912 529
29 465
48 387
674 459
574 196
825 638
981 594
727 178
566 244
74 798
811 255
759 733
985 160
618 655
546 96
86 937
87 320
787 810
391 820
946 813
655 183
934 330
440 250
195 857
691 579
274 1
564 98
730 150
434 379
161 657
680 639
734 694
772 407
922 548
364 15
146 214
700 721
914 211
93 504
136 303
464 844
139 752
545 597
909 460
473 562
445 331
865 496
222 151
580 781
687 43
676 312
109 767
813 641
995 738
373 186
230 285
620 141
123 943
18 593
352 722
770 984
782 567
197 253
516 615
389 112
12 134
607 695
28 952
548 167
473 563
295 390
25 166
210 154
817 130
341 708
825 655
272 633
555 530
133 584
618 446
823 797
884 285
523 65
4 339
287 576
561 194
310 995
938 456
223 582
485 327
379 204
398 326
424 989
284 377
656 972
994 594
332 77
795 623
78 537
606 56
511 569
189 293
622 274
731 686
273 778
436 322
441 556
246 425
216 236
714 599
715 242
855 198
238 957
717 1
958 346
249 356
529 362
855 566
292 272
98 67
833 243
464 921
49 525
430 386
730 396
662 569
79 665
282 189
526 472
35 479
736 688
588 689
187 264
705 331
35 428
457 2
944 540
407 884
365 807
819 364
897 650
226 528
241 976
629 77
559 374
799 295
288 275
487 315
883 462
719 124
277 201
136 775
858 784
326 526
803 968
521 960
918 834
371 147
398 428
67 650
528 136
270 813
439 858
44 106
797 548
963 324
525 757
824 766
309 378
917 123
276 117
684 410
281 473
285 481
177 728
452 342
556 92
152 426
6 69
872 281
195 12
68 774
161 172
987 120
988 727
682 518
612 347
467 908
285 3
90 109
76 136
688 266
412 138
964 495
644 493
136 220
401 265
327 430
686 999
691 699
476 795
363 753
469 867
11 909
518 700
284 146
674 550
142 240
515 765
75 63
517 428
977 671
338 679
283 42
691 345
710 407
543 241
476 569
627 875
810 329
494 694
688 805
342 634
703 287
344 822
705 166
942 309
331 56
567 728
700 511
247 680
213 616
678 418
22 70
49 356
547 485
382 224
535 156
495 963
520 939
975 85
407 521
980 317
719 80
81 932
287 964
254 137
625 779
611 712
941 71
479 698
328 102
548 255
586 950
589 469
438 451
721 741
609 491
708 485
121 709
840 53
287 762
219 208
225 615
869 182
300 375
124 339
177 300
812 474
650 397
745 9
379 263
695 399
896 318
778 41
673 213
746 485
784 543
90 65
702 328
264 830
882 29
894 900
381 719
240 429
792 372
316 626
905 59
431 291
490 813
967 813
90 355
402 103
961 508
670 388
329 634
455 494
331 36
706 424
673 273
291 690
91 740
535 655
757 523
208 568
602 280
587 68
791 854
994 94
577 46
317 235
959 652
502 297
982 705
725 885
279 147
250 289
57 717
107 104
986 669
847 348
98 365
282 100
208 277
774 777
187 417
301 473
379 921
288 812
721 915
535 160
399 109
650 922
483 935
833 761
269 524
337 697
662 45
724 862
374 979
492 958
128 863
898 335
41 710
206 8
646 640
439 898
850 999
85 810
926 400
306 885
241 548
461 215
671 356
124 375
402 647
540 317
673 768
871 669
538 452
200 430
85 546
688 323
168 956
67 158
730 962
91 772
560 494
518 507
702 356
260 287
893 391
397 610
513 665
825 159
330 583
203 223
313 371
332 441
337 533
769 371
929 841
307 845
324 789
518 293
740 413
498 992
561 990
836 831
852 934
51 193
311 563
98 188
406 365
165 114
248 529
193 144
472 473
350 547
239 989
113 409
870 657
887 749
177 553
267 272
108 148
326 103
793 594
500 286
448 241
545 709
395 986
749 669
219 702
715 277
623 900
628 530
277 466
922 921
886 478
300 981
871 398
446 815
141 259
883 580
6 643
505 738
552 5
510 77
917 275
519 579
810 837
961 727
642 10
153 495
154 848
799 96
927 63
250 761
755 860
498 271
813 68
335 896
712 937
508 340
620 785
536 219
413 199
529 678
592 542
2 574
155 816
64 875
765 45
296 29
401 656
368 973
419 731
920 84
868 778
394 263
640 83
180 276
204 434
117 895
464 463
617 159
303 462
461 683
74 898
399 91
505 537
543 560
933 980
274 211
972 62
792 428
905 115
63 351
138 610
35 898
472 232
545 165
252 763
218 391
863 53
22 639
169 217
587 447
57 620
496 444
919 340
61 76
338 854
912 398
450 581
259 121
279 106
528 702
729 211
69 338
74 56
613 655
994 249
922 842
800 418
415 267
112 330
352 313
480 238
443 978
266 633
430 204
468 391
555 949
903 128
746 808
249 784
451 460
73 450
515 247
956 259
962 960
139 219
145 974
699 483
202 521
898 295
116 87
374 795
547 183
732 105
823 66
1 15
537 109
297 932
300 509
820 708
954 14
997 940
227 429
402 700
93 579
846 131
581 702
251 695
802 61
656 922
889 597
74 855
661 359
540 536
833 514
100 7
765 275
587 543
143 21
539 720
901 473
886 521
498 838
262 653
194 79
548 894
392 54
247 246
87 617
734 764
614 44
196 240
29 464
322 346
551 367
38 390
938 880
478 73
78 903
271 710
523 790
431 221
126 735
625 236
457 370
558 552
664 162
936 711
92 586
734 425
795 39
1000 607
1000 999
787 587
37 168
576 182
101 869
46 222
835 951
88 336
362 339
477 162
541 889
487 457
624 273
733 401
534 226
130 252
88 30
542 681
715 571
21 305
42 887
595 97
949 730
16 778
715 904
846 338
258 715
22 272
563 620
984 983
346 432
382 338
220 409
78 107
577 856
36 867
466 544
841 707
519 62
206 975
102 812
142 631
676 747
453 670
368 902
919 901
580 79
773 448
798 718
557 425
33 117
402 834
540 636
134 277
314 412
964 460
327 508
441 649
902 782
428 641
452 182
146 462
722 669
283 235
734 728
631 112
192 815
265 693
375 310
13 783
105 822
144 578
147 697
187 996
683 923
597 177
155 66
344 9
777 842
130 668
368 191
352 532
524 620
373 898
778 844
213 809
905 747
919 850
700 301
170 540
373 51
266 735
709 713
127 100
874 411
118 695
328 507
588 585
996 906
304 324
586 102
434 763
519 606
847 125
607 394
651 430
135 849
343 658
434 586
948 884
956 459
98 575
684 317
97 381
941 426
671 65
966 519
115 81
480 614
290 111
312 969
29 818
551 909
698 451
864 807
3 959
78 353
595 953
584 422
34 987
327 706
592 849
664 126
145 76
495 376
29 84
564 828
323 299
622 205
569 455
769 645
629 255
39 479
367 946
668 397
523 402
15 22
19 83
682 241
39 428
338 955
172 723
307 844
365 190
496 179
596 718
958 45
579 792
377 656
640 692
805 326
588 90
19 305
388 410
998 941
398 855
863 97
391 13
879 635
943 544
775 881
930 820
808 340
827 720
511 91
45 627
526 450
967 196
761 197
279 182
887 669
391 408
748 899
607 258
918 491
704 35
173 868
672 705
670 972
524 204
520 917
614 501
390 739
323 540
620 798
839 572
537 374
165 541
831 892
889 843
374 909
215 395
515 299
206 250
229 707
474 690
475 151
348 159
21 47
160 438
337 138
927 207
441 322
589 412
970 622
755 972
831 419
928 642
675 143
392 479
161 134
289 73
901 706
336 108
462 732
731 21
698 342
437 482
869 431
618 737
936 550
549 874
513 843
557 486
293 739
845 438
707 429
473 39
40 670
256 587
80 143
838 976
126 966
860 836
39 289
721 394
316 938
388 495
616 224
632 154
714 597
47 77
971 78
840 66
853 110
178 790
669 641
473 882
934 161
203 425
994 404
706 256
389 596
899 155
352 732
499 927
292 496
559 18
141 213
897 543
827 986
554 638
957 339
839 915
165 672
24 524
244 239
518 942
652 182
692 663
732 836
770 41
790 44
967 700
538 425
676 899
309 678
296 591
171 589
591 759
168 521
668 898
618 1
584 177
68 98
548 340
955 314
25 817
870 427
375 971
746 237
693 482
717 476
58 171
977 55
9 485
906 125
431 954
699 942
318 456
637 246
747 858
622 282
43 83
636 434
274 165
863 741
579 178
997 367
898 922
612 10
812 564
961 278
209 521
105 712
913 395
697 268
94 348
155 456
290 378
363 365
74 744
238 607
81 460
499 861
748 505
890 150
305 564
359 761
126 732
734 287
184 407
391 299
296 177
41 846
957 36
787 357
814 407
636 997
365 569
347 426
207 298
174 929
257 312
198 677
217 450
956 83
922 943
581 426
853 725
469 732
842 70
505 281
904 637
236 607
607 632
955 11
280 769
58 651
214 670
729 746
604 274
487 686
182 184
789 128
438 86
24 262
867 852
409 844
138 306
573 666
613 477
462 459
149 859
510 503
920 239
977 386
315 743
861 903
46 629
256 247
703 829
959 391
228 147
45 451
564 597
809 511
752 797
608 273
627 495
262 844
156 455
780 649
860 639
879 205
521 271
8 342
159 877
436 230
347 453
919 731
901 108
869 328
782 337
899 535
190 924
912 666
859 479
697 296
313 567
955 992
151 787
652 724
425 134
787 795
420 784
60 367
904 989
520 363
40 771
207 409
891 716
175 255
491 568
273 131
239 808
991 377
619 838
106 927
801 661
455 556
957 298
212 231
514 345
861 142
936 251
225 84
867 517
796 543
70 653
819 678
732 925
321 940
828 424
391 234
395 239
513 384
841 51
951 466
112 625
223 939
149 980
614 296
228 986
945 93
894 8
521 798
349 749
477 472
871 808
324 445
931 239
272 528
607 882
310 875
383 867
497 944
243 180
564 698
357 388
893 50
217 529
76 492
167 903
774 117
501 841
907 340
690 860
342 427
489 677
91 233
163 548
937 665
552 693
965 603
394 760
60 719
797 46
229 956
359 893
90 466
588 373
96 337
198 186
20 505
646 349
601 966
402 73
539 520
744 986
304 967
605 775
218 417
938 934
79 608
722 785
705 139
450 716
397 467
866 196
189 81
783 419
808 341
771 363
876 886
575 525
979 396
122 423
89 342
766 905
550 453
207 226
274 672
800 408
202 837
396 115
568 676
625 405
787 642
884 646
301 426
49 337
909 171
861 146
960 205
500 62
417 582
839 575
236 528
220 141
986 754
559 716
232 707
726 698
658 655
662 207
633 333
500 988
713 229
950 388
654 786
968 53
822 432
806 789
534 356
883 130
59 836
390 44
732 664
51 980
578 991
750 321
972 715
833 651
733 702
368 606
167 56
850 634
669 214
32 261
638 741
98 328
808 870
675 517
646 174
624 113
10 806
659 209
901 116
43 788
407 495
688 591
907 943
180 219
700 914
57 912
187 833
830 53
78 830
545 187
791 698
593 727
408 897
788 777
668 39
878 656
476 592
888 912
939 636
246 78
943 92
241 250
529 504
732 996
179 131
771 327
679 630
99 740
607 208
828 131
541 738
249 52
454 293
537 567
205 993
634 449
912 907
790 971
62 862
349 386
135 779
966 488
606 826
38 602
365 920
650 592
706 884
709 51
656 224
490 251
932 278
291 486
901 865
885 274
82 33
361 110
309 726
127 627
556 313
941 497
673 627
682 739
457 851
194 905
358 668
340 895
15 661
841 694
128 39
60 678
148 42
205 7
421 968
363 915
275 425
100 434
925 191
746 396
952 259
590 309
612 469
243 394
988 199
963 901
17 563
513 854
735 425
114 421
385 731
941 966
289 634
621 306
200 710
554 509
60 614
601 830
708 614
267 501
437 520
666 834
95 44
84 467
879 617
403 521
406 696
407 209
389 550
560 923
731 941
701 205
683 974
616 507
140 323
92 580
203 293
39 955
67 701
541 597
571 198
168 27
424 165
345 771
966 93
219 760
880 798
112 360
775 633
390 537
495 449
785 301
514 229
953 354
262 487
28 733
653 638
497 728
280 770
79 178
691 311
779 344
324 203
306 618
20 844
918 877
595 208
499 39
580 260
68 48
785 728
868 543
25 867
244 273
176 209
565 537
529 723
381 136
628 191
759 225
924 648
941 358
889 717
798 241
548 472
767 724
811 774
523 138
546 494
536 47
424 777
99 160
404 295
140 675
137 420
11 463
216 619
401 495
55 926
708 484
224 895
777 148
194 62
470 403
933 537
40 712
864 746
223 185
597 492
172 745
605 945
696 915
551 47
791 540
522 819
374 174
803 806
693 435
294 943
320 278
156 900
998 903
92 778
597 919
743 741
507 617
520 14
887 266
857 979
680 820
938 628
795 5
197 483
992 981
165 773
688 29
977 666
69 185
58 714
224 318
99 798
282 402
176 689
672 534
512 827
50 854
822 536
749 984
838 441
9 505
434 51
811 770
663 345
413 990
951 66
419 373
405 170
342 343
286 231
919 934
677 44
664 819
827 449
211 612
395 349
769 72
517 762
80 647
438 349
890 966
525 907
86 707
487 768
918 730
734 36
517 924
156 292
547 653
911 180
494 326
441 826
498 829
742 536
726 381
937 442
959 233
895 751
768 460
611 316
468 827
659 561
886 785
703 357
248 677
134 672
230 981
71 255
763 523
880 379
165 967
832 332
857 815
967 770
697 918
735 970
558 977
117 111
449 268
321 634
56 198
110 984
899 95
357 513
620 137
514 314
314 847
59 155
379 934
971 387
982 851
16 182
680 221
827 158
899 381
187 63
996 831
893 657
380 580
369 117
561 448
29 577
926 721
975 300
615 245
565 544
476 114
307 804
733 874
556 229
760 952
399 842
67 432
358 753
451 17
548 385
253 389
73 615
827 346
77 87
404 505
341 546
68 814
641 146
695 323
224 612
280 310
755 157
901 337
26 957
869 429
617 156
446 118
821 10
899 688
470 270
82 928
123 180
638 629
382 124
968 577
308 482
950 593
610 702
241 1
542 707
905 112
47 839
779 319
490 864
895 574
218 275
226 806
624 733
695 830
436 509
705 956
812 880
961 42
378 76
414 130
487 644
86 350
888 913
577 797
601 108
911 986
334 546
814 488
355 453
304 593
125 454
948 630
607 211
477 42
23 98
581 45
500 381
11 602
400 83
18 542
917 594
809 313
689 979
419 94
662 910
792 529
225 147
248 236
413 612
602 787
98 926
315 398
337 458
500 898
652 7
345 967
141 518
606 714
352 137
651 377
48 146
600 415
448 668
435 902
647 968
978 228
211 687
675 220
362 833
157 306
840 108
604 221
113 734
281 590
533 440
402 714
284 298
453 985
976 122
206 515
307 1000
74 933
694 212
304 774
276 949
816 674
356 379
238 771
5 418
816 561
229 580
18 47
401 189
458 294
97 750
833 210
91 504
202 173
277 851
204 917
117 660
455 269
142 359
914 132
899 872
57 653
135 682
190 595
563 151
78 230
343 839
930 890
862 97
540 253
71 485
331 632
204 714
231 227
748 399
627 100
151 290
227 904
858 990
807 562
841 132
895 473
533 582
500 537
440 875
866 817
690 483
505 671
396 282
149 958
23 981
462 47
357 827
58 504
381 33
814 819
670 894
741 278
889 611
780 982
627 211
385 378
685 975
889 716
928 716
732 366
807 380
61 258
169 696
8 634
669 379
262 947
11 369
470 182
492 538
972 780
95 591
955 550
629 643
578 695
831 219
299 442
356 351
623 101
807 162
321 311
626 26
627 271
350 938
263 571
375 475
30 728
807 896
995 160
66 148
627 557
574 100
425 19
229 828
355 174
485 386
773 786
758 368
783 329
255 478
673 404
187 598
428 556
100 713
984 92
654 472
630 41
153 987
207 264
49 730
487 8
245 502
934 600
480 169
5 892
870 858
124 856
486 83
35 249
951 447
644 581
666 700
505 699
90 715
310 476
558 118
304 165
576 337
332 109
872 552
447 290
125 68
93 742
167 675
759 773
560 197
228 851
564 789
585 278
253 480
897 178
437 233
948 812
501 934
228 802
157 250
137 208
870 816
713 523
454 695
61 527
775 343
670 187
618 648
581 516
488 493
507 91
593 446
8 372
775 484
483 210
893 387
56 96
129 660
313 375
756 909
192 608
445 882
601 964
229 523
948 95
307 849
919 622
886 999
599 454
566 565
372 973
350 802
725 412
374 58
670 631
599 286
809 741
61 36
78 962
763 182
502 158
9 970
757 679
457 271
938 710
903 856
320 17
620 484
400 217
218 880
2 293
245 89
706 733
682 70
324 35
286 757
352 813
828 104
496 705
373 133
999 209
213 556
714 67
738 349
645 767
353 953
176 862
656 200
801 913
487 274
788 957
127 891
520 615
81 599
903 284
651 463
279 518
921 23
448 514
859 608
150 273
600 388
215 373
881 889
453 416
515 445
459 957
107 549
915 528
79 395
820 659
196 213
129 820
628 240
42 767
557 204
923 942
587 777
750 327
111 139
8 562
305 344
157 79
747 883
901 336
170 234
850 632
413 406
271 104
111 361
426 3
7 610
247 121
656 848
786 803
695 657
536 774
310 689
670 433
284 20
472 236
56 491
332 296
285 687
35 431
216 241
218 387
271 447
113 351
961 41
688 687
66 847
449 724
801 635
902 646
467 273
503 599
715 220
269 59
677 142
236 434
496 271
114 978
84 14
636 563
469 596
736 693
442 448
830 631
64 114
597 840
123 977
17 15
907 450
188 147
631 633
512 885
912 63
70 203
897 653
970 973
661 148
349 384
520 948
996 845
264 561
818 137
486 27
969 51
805 925
275 894
978 451
300 219
118 630
471 269
515 264
112 699
591 61
24 301
580 290
731 253
177 497
784 295
471 243
680 472
628 54
665 36
375 599
286 60
538 845
172 195
194 903
573 853
299 192
651 951
695 422
328 720
519 244
561 926
414 930
551 807
440 89
848 438
646 249
247 428
500 655
961 378
851 826
949 457
919 545
962 68
32 1
985 413
398 240
570 513
187 879
169 168
208 706
800 6
428 959
378 254
551 363
4 254
957 176
958 379
597 153
840 930
74 358
98 96
338 563
778 852
139 686
129 525
652 296
877 266
398 957
916 826
562 354
672 302
925 948
982 591
472 260
19 697
297 447
835 955
325 105
236 692
348 798
75 638
634 483
407 663
983 756
361 669
440 876
148 549
244 206
396 951
814 86
785 300
396 283
7 515
400 862
510 137
685 155
372 170
580 503
597 575
344 651
189 459
224 993
742 423
175 894
215 317
141 698
440 569
634 935
67 506
929 395
180 571
343 89
517 644
989 127
854 591
301 965
416 401
954 913
315 617
29 987
232 217
566 226
720 318
281 730
788 143
204 502
78 555
686 810
164 836
445 877
7 682
948 68
660 816
490 150
522 817
85 183
584 586
786 250
753 117
91 586
754 262
256 677
283 156
342 682
752 299
91 763
19 390
38 422
991 68
924 387
860 835
322 312
701 239
294 655
135 649
359 367
344 188
491 63
666 745
44 709
581 506
162 920
829 252
923 379
102 422
856 134
322 894
491 861
221 108
594 518
336 794
960 228
396 424
76 980
883 540
884 835
421 971
31 140
343 686
127 727
701 516
153 22
817 15
712 803
819 585
676 966
769 172
589 611
607 72
177 313
784 367
524 138
537 41
258 602
522 447
561 147
730 570
395 351
918 617
354 790
885 746
579 307
928 745
114 521
501 854
730 860
752 828
20 166
591 553
837 937
169 949
722 603
92 975
815 586
211 587
933 571
535 859
212 620
285 1000
415 841
939 375
27 337
299 724
189 377
229 667
947 288
855 297
164 606
881 36
459 906
179 59
553 266
708 43
406 358
891 892
286 984
328 818
804 669
307 415
862 175
66 522
433 277
416 549
808 231
420 21
854 590
478 295
926 795
710 242
850 875
718 990
793 710
741 792
903 633
406 51
254 409
508 14
886 322
28 656
585 512
19 975
224 75
847 93
318 773
427 29
35 682
415 193
440 915
646 583
115 787
297 802
446 913
271 518
231 727
205 318
225 448
101 381
48 71
172 821
698 129
662 300
116 798
10 143
621 775
196 214
879 435
493 404
681 870
815 923
165 887
102 744
730 641
858 378
642 587
845 80
189 748
337 825
835 70
911 357
694 927
113 786
920 968
477 863
228 37
601 517
584 341
930 289
180 384
224 556
656 849
217 957
414 609
554 260
664 380
403 272
427 502
933 928
437 561
506 20
169 220
907 612
191 631
568 502
2 484
527 798
734 438
790 484
574 287
513 822
853 332
729 214
268 502
742 600
643 130
187 270
386 240
945 478
1 582
788 171
22 188
405 300
457 247
26 51
463 26
486 905
919 643
129 314
27 647
357 948
374 626
491 946
989 175
58 371
274 852
300 212
407 592
400 642
438 78
521 970
742 440
428 48
419 104
189 957
315 366
651 200
245 993
638 72
237 593
247 75
243 192
579 378
997 983
721 925
578 574
764 789
234 532
452 483
492 560
916 50
384 835
947 608
669 262
891 410
263 565
90 119
983 632
260 333
726 328
954 591
925 478
90 393
109 91
184 206
755 409
830 69
104 357
22 685
902 223
727 600
798 630
967 101
255 343
611 455
297 115
112 666
448 481
485 906
198 189
368 136
169 73
231 319
348 761
826 953
277 563
193 460
502 374
620 45
55 485
222 849
204 708
540 366
524 683
672 670
1000 891
505 323
692 593
617 437
148 695
738 147
25 292
517 123
144 438
92 276
719 169
779 716
961 737
15 822
163 99
861 72
404 895
452 3
823 12
127 643
3 539
97 340
922 367
101 292
672 858
968 481
362 784
93 640
722 772
78 108
816 181
491 422
286 25
345 707
386 677
901 612
99 940
579 342
11 226
163 845
710 441
73 573
21 325
189 675
655 954
640 97
162 253
146 662
95 585
82 580
507 433
845 489
590 905
502 756
626 24
937 579
21 904
389 212
302 719
968 667
18 254
881 430
593 370
441 765
20 916
173 802
486 493
892 298
643 542
661 713
285 549
179 478
329 461
551 270
311 549
368 37
947 6
136 427
725 119
710 501
210 262
735 66
293 251
166 379
618 411
634 179
282 844
669 624
528 620
156 677
603 156
58 803
576 888
79 863
980 10
601 475
250 299
418 527
389 682
343 38
757 216
540 370
979 210
887 549
600 29
819 29
329 9
59 368
744 488
101 533
853 614
918 34
741 965
962 914
317 681
287 17
608 774
871 784
776 678
797 964
580 468
685 15
392 714
357 174
297 267
306 668
383 926
594 75
7 180
772 804
811 842
439 521
172 132
455 824
747 760
767 757
1000 172
750 280
422 343
833 617
843 551
399 77
702 366
775 486
651 732
670 200
194 1
103 979
511 514
556 961
825 133
65 788
982 89
57 888
611 289
4 913
692 38
344 460
38 112
80 454
562 630
959 968
560 719
636 843
804 527
87 669
772 495
734 193
881 180
195 363
645 313
153 667
705 70
725 11
820 305
36 736
357 100
443 750
407 907
781 186
250 220
948 413
199 741
663 186
889 387
10 963
254 271
308 867
504 250
602 907
641 521
568 535
827 802
849 686
406 129
6 645
407 734
429 2
162 671
699 364
221 224
738 458
645 782
794 72
905 977
283 965
931 81
722 581
861 432
864 412
831 712
653 388
221 163
183 213
495 231
390 401
774 335
802 817
875 653
509 903
292 627
337 30
444 790
523 467
591 494
684 60
962 442
745 58
410 789
215 970
399 131
403 196
285 828
738 993
635 519
733 698
452 555
921 163
502 653
368 673
730 83
234 866
588 149
221 860
636 137
548 983
682 97
666 328
773 950
985 48
624 720
252 753
753 60
990 803
705 945
156 975
216 98
397 499
754 478
576 898
173 524
9 763
142 313
244 935
335 264
890 81
728 669
987 969
930 964
553 7
828 159
61 296
524 640
801 849
51 173
427 572
562 49
505 640
39 665
617 519
211 338
513 460
822 374
664 592
336 513
709 192
837 411
250 807
746 1
312 473
383 854
105 230
126 665
437 47
799 850
759 636
986 766
394 338
470 169
240 12
688 178
781 971
708 829
916 418
977 212
155 560
636 463
801 102
844 188
994 625
591 657
53 241
627 677
648 894
445 184
879 369
563 336
894 845
381 774
165 297
223 103
189 179
619 674
375 296
537 240
530 145
914 112
567 386
763 351
282 966
190 711
910 252
402 431
904 949
687 906
69 431
532 677
809 120
745 890
501 20
139 561
714 167
622 548
236 295
753 651
572 447
296 980
408 558
687 232
504 151
340 261
383 417
297 462
466 431
637 90
802 693
966 480
219 621
554 750
615 971
961 880
385 44
349 275
484 81
727 394
595 212
728 563
951 235
58 118
708 492
401 816
733 943
647 3
412 248
287 395
358 700
294 404
684 4
190 325
817 429
466 762
307 555
803 750
772 615
209 238
265 227
963 980
929 68
821 478
968 958
968 840
890 755
678 712
146 441
744 330
394 571
344 322
629 497
398 35
661 615
406 638
298 159
28 36
644 909
649 176
6 637
89 419
164 447
18 929
391 308
687 182
54 573
759 170
661 938
166 376
667 421
523 953
930 688
783 507
472 371
697 638
149 539
616 618
818 922
505 493
434 915
201 996
530 627
60 57
317 966
943 886
643 106
357 634
653 189
527 740
638 431
895 510
58 697
360 194
760 339
188 964
28 829
50 805
474 553
291 469
275 952
426 692
641 383
20 876
996 613
153 389
638 606
628 104
186 455
133 604
7 183
634 953
375 537
157 326
584 206
196 252
129 813
675 597
603 427
307 662
767 756
63 280
661 199
315 631
656 585
911 259
713 520
863 538
685 722
827 166
601 559
247 654
640 509
841 24
168 489
686 836
377 952
428 716
892 105
821 163
518 397
756 904
117 902
597 396
247 7
652 11
38 230
666 791
721 416
84 416
265 330
621 391
680 615
323 647
296 336
667 355
501 313
19 420
113 257
868 439
249 193
377 500
250 106
14 361
826 911
118 941
493 865
675 906
144 834
622 621
477 962
580 885
508 824
568 681
914 493
993 428
153 805
779 553
675 744
992 868
19 864
701 836
502 977
790 798
871 20
585 251
431 95
172 293
652 733
652 31
266 942
65 93
908 695
79 374
650 746
570 355
258 653
243 121
633 449
341 716
819 980
855 311
656 663
896 166
348 443
153 373
722 136
172 873
438 472
493 291
243 260
769 40
484 58
546 45
323 380
76 156
294 303
721 33
32 282
325 969
569 485
781 672
721 226
88 737
214 97
949 498
255 607
825 188
458 447
484 751
51 260
752 407
200 830
554 405
575 505
619 697
781 618
730 527
532 428
806 7
844 368
195 882
235 833
382 560
628 808
38 492
834 327
485 997
565 681
256 909
645 429
188 72
26 287
275 272
13 51
343 812
575 957
27 891
311 163
508 691
897 642
699 282
737 963
227 993
140 920
964 236
129 425
718 405
221 195
137 870
420 207
211 341
983 563
513 451
768 927
701 586
101 270
504 312
487 529
589 553
935 573
936 613
527 919
775 675
964 19
686 588
909 654
110 423
323 58
894 295
91 54
475 919
113 683
354 732
814 316
392 481
967 658
107 800
96 583
525 652
39 480
708 830
102 613
930 208
345 304
164 988
829 990
859 299
878 117
203 783
313 323
756 593
694 667
109 89
332 504
298 184
62 209
337 598
925 333
13 915
143 304
517 3
739 143
811 362
738 353
958 495
853 736
246 397
174 606
715 150
164 400
937 144
956 660
354 98
942 611
835 753
697 752
936 344
648 44
946 305
13 198
876 50
218 644
183 698
573 14
611 167
195 77
540 249
892 871
523 331
451 738
1 567
74 71
167 254
429 167
359 42
161 519
537 534
847 497
23 243
407 656
654 403
514 254
642 427
670 211
157 686
619 15
106 214
495 824
666 84
210 56
301 143
193 782
103 263
567 148
484 446
452 156
730 67
830 470
537 656
615 313
998 131
565 612
486 503
676 643
350 943
275 746
423 482
872 750
547 950
968 193
988 796
609 721
228 153
108 951
750 258
362 579
401 593
149 740
81 489
673 462
143 193
733 737
536 163
518 23
63 707
775 508
579 7
724 783
755 454
481 973
464 955
711 403
913 472
513 550
527 506
809 671
94 403
596 689
959 833
28 37
826 662
578 119
834 237
53 335
838 685
269 158
346 763
368 39
644 294
922 632
155 91
23 448
65 330
322 603
885 316
783 506
87 985
933 41
499 605
374 367
912 348
70 116
598 37
496 729
713 942
743 343
581 392
908 232
156 581
430 156
676 156
804 425
952 668
741 882
253 849
747 33
359 223
642 399
366 649
516 628
224 162
645 808
561 293
211 412
177 92
817 933
859 536
225 430
70 417
310 464
205 646
225 328
727 513
487 821
489 83
515 325
954 239
496 869
940 974
334 69
478 103
301 772
915 760
24 407
998 175
341 664
413 251
937 993
370 283
557 228
940 236
299 252
394 152
772 949
294 433
6 5
176 464
358 552
696 743
489 687
128 403
161 535
242 81
797 439
678 92
416 13
355 16
228 354
319 693
88 693
588 194
471 990
493 479
994 681
332 256
26 759
190 930
28 9
543 890
855 948
900 459
142 324
313 597
152 981
407 167
377 266
764 370
547 755
677 261
456 919
754 440
402 357
32 810
967 444
65 406
593 911
761 349
680 880
822 812
292 382
153 955
540 289
664 191
836 664
84 101
286 761
801 843
147 130
510 969
478 437
559 500
945 256
728 944
305 929
295 714
315 8
153 213
304 359
607 972
269 727
443 172
64 679
804 163
654 132
150 647
404 817
520 762
889 829
570 352
1 59
521 828
566 976
152 185
979 812
195 253
747 440
65 185
91 444
789 51
993 984
870 637
157 297
372 632
6 86
744 465
742 844
307 757
90 239
829 840
42 650
392 341
691 795
513 979
436 145
668 633
411 704
178 717
33 54
472 978
479 241
405 766
427 346
69 885
485 544
983 289
108 669
899 708
646 307
796 324
816 522
401 212
9 799
640 663
680 580
920 967
596 600
265 758
140 454
861 524
207 430
120 512
173 522
737 631
627 775
710 782
915 169
295 606
567 719
731 863
130 462
884 625
814 348
286 725
143 768
957 364
300 945
357 544
257 866
221 81
850 355
7 314
83 48
28 759
140 921
625 661
865 601
168 466
980 401
619 435
267 486
729 663
180 781
736 245
168 609
154 956
618 249
727 457
675 114
988 27
736 100
239 147
538 806
812 201
103 448
845 783
93 554
333 123
979 697
428 337
893 3
508 231
148 48
850 822
559 802
36 168
552 948
147 376
118 405
266 278
177 945
200 494
152 337
506 738
512 241
470 393
989 931
130 200
99 369
9 89
765 668
968 610
447 662
869 686
651 631
764 468
895 674
915 391
949 326
152 628
517 2
632 830
248 371
448 373
531 480
749 25
911 830
476 643
347 781
169 61
44 959
977 662
869 896
378 109
8 445
898 142
98 124
425 980
210 610
49 544
714 746
948 416
511 24
149 517
188 109
745 888
25 10
568 755
914 878
23 157
979 315
780 312
156 610
396 49
254 325
923 256
323 588
620 206
452 872
51 176
140 957
586 221
681 743
386 285
709 17
969 188
497 675
569 1000
713 167
112 810
759 828
263 231
357 24
751 328
731 195
266 40
820 599
802 230
536 390
720 419
242 987
738 820
243 334
856 257
867 89
470 203
436 975
437 434
792 95
976 204
59 608
372 665
229 816
750 498
646 217
540 628
246 605
247 396
233 582
250 61
989 903
683 100
138 595
386 838
949 346
26 515
415 631
3 419
141 811
334 893
260 864
744 643
340 214
433 412
307 391
326 481
838 256
227 380
782 916
622 599
127 159
98 499
739 438
500 259
208 292
690 131
625 482
166 600
434 87
782 694
14 299
272 75
255 136
280 582
139 317
55 225
923 413
177 83
550 924
922 223
563 547
306 520
818 140
716 129
448 729
770 266
820 644
586 546
152 124
850 879
180 650
533 394
518 214
159 489
337 977
545 340